3370	2004	5	25	18	50	235	434.06	-159.04	403.87	30.1	8.9	-0.1
3373	2004	7	6	6	50	235	495.44	162.24	468.12	30.1	11.2	3.8
3380	2004	9	2	18	57.5	225	362.97	251.65	261.57	30.1	6.2	11.9
3396	2004	10	22	6	27.5	247.5	398.74	219.34	332.98	30.1	9.4	2.7
3440	2005	5	16	6	37.5	237.5	354.33	127.89	330.45	30.1	9.2	0.5
3444	2005	7	8	12	47.5	237.5	578.78	473.45	332.9	30.1	7.3	11.7
3513	2006	8	16	18	57.5	225	284.51	69.68	275.84	30.1	8	2.1
3534	2006	11	6	0	45	237.5	567.9	172.21	541.16	30.1	11.5	8.6
3575	2007	7	10	12	55	230	443.09	143.68	419.15	30.1	11.6	4.1
3591	2007	9	22	12	30	245	444.42	415.53	157.63	30.1	4.2	9.7
3647	2008	7	29	12	47.5	237.5	368.68	315.22	191.22	30.1	4.7	6.5
3692	2009	2	23	12	35	240	476.5	342.17	331.61	30.1	5.7	7.4
3694	2009	3	9	6	27.5	247.5	350.49	225.99	267.9	30.1	4.3	3.9
3743	2010	1	21	18	30	245	945.31	624.59	709.58	30.1	21.1	20.1
3790	2010	12	29	6	37.5	237.5	607.05	6.65	607.02	30.1	18	-1.5
3883	2012	6	1	18	47.5	237.5	394.43	192.67	344.17	30.1	7	4.1
3916	2012	11	30	12	37.5	237.5	574.35	358.67	448.59	30.1	11.8	11.6
3947	2013	6	27	12	45	237.5	458.77	380.3	256.6	30.1	1.5	7.8
3993	2014	1	28	6	37.5	237.5	268.78	-180	199.61	30.1	3.2	-4.7
4022	2014	8	14	6	57.5	225	362.36	313.85	181.11	30.1	2.9	7
4027	2014	9	5	18	57.5	225	521.1	175.77	490.57	30.1	12.1	7
4031	2014	9	20	12	55	230	670.25	510.78	433.97	30.1	7.9	16.2
4034	2014	10	5	18	55	230	533.63	420.98	327.92	30.1	3.8	13.2
4099	2015	9	11	12	55	230	563.93	336.26	452.7	30.1	10.3	7.2
4113	2015	10	31	6	45	237.5	541.23	150.84	519.78	30.1	11	6.2
4132	2016	1	18	0	37.5	237.5	419.43	249.68	337.01	30.1	8	5.1
4142	2016	3	5	12	37.5	237.5	349.86	251.22	243.5	30.1	5.6	8.8
4164	2016	9	15	6	57.5	225	374.88	289.81	237.8	30.1	5.9	9.9
4183	2016	12	17	0	30	245	398.94	56.76	394.88	30.1	9.8	2.4
4190	2017	1	23	0	32.5	242.5	710.75	412.85	578.54	30.1	11.6	13.6
4219	2017	9	3	0	50	235	381.01	13.54	380.76	30.1	5.4	-0.6
4224	2017	9	12	0	35	240	375.11	342.69	-152.55	30.1	-4.3	8.7
4232	2017	10	31	6	55	230	699.82	-354.84	603.19	30.1	14.7	-6.8
4238	2017	12	6	0	27.5	247.5	370.65	109.26	354.18	30.1	4.6	-0.4
3328	2003	9	27	6	57.5	225	339.59	140.67	309.08	30.2	2.8	4.7
3328	2003	9	27	18	57.5	225	270.25	177.22	204.03	30.2	4.8	7.9
3339	2003	11	17	6	25	252.5	386.69	227.24	312.88	30.2	4.1	2.4
3375	2004	7	19	6	47.5	237.5	366.58	357.79	79.82	30.2	2.8	8.1
3376	2004	7	28	18	55	230	283.59	77.7	272.74	30.2	7.4	0.3
3604	2007	11	8	18	47.5	237.5	339.64	248.32	231.71	30.2	1.7	9
3672	2008	11	6	18	47.5	237.5	520.49	264.31	448.38	30.2	11.6	12.8
3713	2009	9	15	18	52.5	232.5	591.74	581.39	-110.2	30.2	-3.6	15.8
3766	2010	8	1	6	57.5	225	276.07	26.8	274.77	30.2	7.1	0.8
3803	2011	3	6	6	37.5	237.5	467.75	85.24	459.92	30.2	9	3.8
3904	2012	10	15	18	45	237.5	432.81	188.4	389.65	30.2	8.4	9.3
4022	2014	8	14	0	57.5	225	366.52	304.26	204.37	30.2	2.4	7.8
4024	2014	8	25	6	57.5	225	394.1	194.27	342.89	30.2	9	8
4072	2015	3	15	6	42.5	237.5	611.26	482.12	375.78	30.2	3.4	8.2
4112	2015	10	21	18	25	252.5	347.65	208.34	278.3	30.2	3	2
4126	2015	12	22	0	37.5	237.5	585.97	-154.6	565.21	30.2	14.2	-1.6
4161	2016	8	25	0	57.5	225	259.84	-82.89	246.27	30.2	6.3	-2.2
4185	2016	12	21	6	27.5	247.5	370.05	368.51	33.72	30.2	0.9	8.6
4215	2017	8	13	0	52.5	232.5	642.97	642.96	2.75	30.2	-0.7	14.7
4222	2017	9	6	6	40	237.5	387.9	316.58	-224.15	30.2	-1.4	7.6
4231	2017	10	19	0	47.5	237.5	785.23	504.2	601.97	30.2	14.4	13.4
3333	2003	10	26	6	55	230	780.93	482.04	614.39	30.3	14.3	16.8
3350	2003	12	25	18	32.5	242.5	556.59	240.39	502	30.3	11.5	6
3377	2004	8	22	12	45	237.5	446.87	101.29	435.24	30.3	10.7	1.3
3530	2006	10	19	6	47.5	237.5	361.43	-117.2	341.9	30.3	10.8	-1.1
3548	2007	1	14	6	25	252.5	443.61	199.79	396.07	30.3	4.6	-0.6
3548	2007	1	14	18	25	252.5	551.81	262.26	485.5	30.3	7.4	-0.1
3556	2007	3	12	6	45	237.5	715.69	407.31	588.48	30.3	14	8.5
3575	2007	7	11	18	57.5	225	389.19	332.89	201.63	30.3	1.3	8.1
3577	2007	7	17	12	45	237.5	374.94	374.78	10.81	30.3	-0.5	2.1
3609	2007	12	3	18	47.5	237.5	1162.57	882.86	756.39	30.3	16.8	28.9
3616	2008	1	5	6	32.5	242.5	579.1	320.35	482.42	30.3	10.5	9.5
3705	2009	7	24	0	55	230	425.6	309.35	292.3	30.3	3.4	6.7
3737	2009	12	29	6	25	252.5	426.8	338.85	259.5	30.3	2.3	4.3
3779	2010	10	10	0	50	235	984.6	953.55	245.32	30.3	3	29
3803	2011	3	6	12	37.5	237.5	454.53	51.29	451.62	30.3	8.8	1.4
3833	2011	9	21	6	52.5	232.5	616.67	595.6	159.84	30.3	0.2	16
3847	2011	11	25	6	25	252.5	342.12	214.79	266.28	30.3	6.7	1
3935	2013	4	4	12	37.5	237.5	405.37	311.45	259.47	30.3	7.9	5.8
4105	2015	9	29	12	57.5	225	513.79	394.85	328.74	30.3	7.2	13.8
4168	2016	9	25	6	50	235	468.11	104.12	456.38	30.3	8.2	6.9
4231	2017	10	24	18	52.5	232.5	635.71	300.14	560.39	30.3	12.4	8.7
3336	2003	11	11	0	30	245	405.13	239.71	326.6	30.4	5.6	3.6
3350	2003	12	26	6	30	245	537.2	163.94	511.57	30.4	12.9	2.7
3421	2005	1	19	18	47.5	237.5	697.07	421.74	555.02	30.4	10.8	13.6
3441	2005	6	8	12	37.5	237.5	354.1	-125.89	330.97	30.4	6.6	-4.3
3510	2006	7	20	18	52.5	232.5	362.82	213.24	293.54	30.4	6.5	5.8
3617	2008	1	4	6	27.5	247.5	312.44	135.53	281.51	30.4	8	3.7
3660	2008	9	30	6	57.5	225	600.42	594.82	81.84	30.4	0.5	14.8
3712	2009	9	10	18	57.5	225	863.5	852.94	-134.65	30.4	-8.3	27.5
3743	2010	1	20	6	27.5	247.5	461.28	104.8	449.21	30.4	10.8	0.5
3743	2010	1	21	6	30	245	612.45	354.77	499.23	30.4	12.5	11.3
3891	2012	8	3	0	57.5	225	435.58	198.08	387.94	30.4	7.8	6.5
3916	2012	11	30	18	37.5	237.5	539.33	315.03	437.76	30.4	12.1	7.1
4081	2015	6	7	18	52.5	232.5	553.99	261.57	488.35	30.4	9	5.2
4097	2015	8	31	12	47.5	237.5	333.94	120.26	311.53	30.4	5.3	4.9
4107	2015	10	8	18	52.5	232.5	607.03	592.65	131.35	30.4	2.4	17.8
4219	2017	9	2	12	52.5	232.5	390.08	235.14	311.24	30.4	4.5	4.1
4235	2017	11	17	12	35	240	584.34	53.65	581.88	30.4	14.4	0
4236	2017	11	20	18	40	237.5	673.32	204.85	641.4	30.4	10.2	7.3
3321	2003	9	5	12	52.5	232.5	492.74	435.67	230.18	30.5	3.9	11.5
3375	2004	7	18	18	45	237.5	370.04	366.03	54.35	30.5	1.2	5.4
3379	2004	8	29	18	50	235	477.52	145.58	454.79	30.5	9.2	3.9
3448	2005	7	27	18	52.5	232.5	314.35	66.66	307.2	30.5	6.7	1.9
3506	2006	6	3	6	37.5	237.5	307.12	-163.36	260.08	30.5	7.1	-7
3548	2007	1	12	6	25	252.5	305.53	210.94	221.04	30.5	3.5	2
3571	2007	6	4	6	45	237.5	286.88	270.4	95.82	30.5	3.3	2.6
3652	2008	8	24	0	52.5	232.5	665.11	665.08	6.22	30.5	-2	17.7
3673	2008	11	12	12	47.5	237.5	834.12	114.38	826.24	30.5	19.8	4.2
3682	2009	1	5	6	25	252.5	502.28	421.92	272.52	30.5	3.2	6
3693	2009	3	1	18	37.5	237.5	604.66	538.11	275.78	30.5	7.8	11.4
3767	2010	8	7	6	50	235	268.13	61.79	260.91	30.5	5.9	2.3
3788	2010	12	9	0	37.5	237.5	410.93	151.24	382.09	30.5	6.1	3.6
3788	2010	12	19	0	35	240	536.2	235.48	481.72	30.5	8.1	7.1
3931	2013	3	8	6	27.5	247.5	354.57	236.9	263.81	30.5	7.1	6.2
3945	2013	5	29	12	37.5	237.5	559.73	-233.14	508.86	30.5	12.3	-7
3975	2013	11	15	18	27.5	247.5	324.58	238.57	220.09	30.5	5.6	9.4
4021	2014	8	10	6	57.5	225	393.99	389.78	57.45	30.5	-0.2	14
4101	2015	9	15	0	37.5	237.5	317.44	134.75	287.42	30.5	7	2.1
4107	2015	10	8	0	47.5	237.5	297.78	109.01	277.11	30.5	5.5	4.5
4113	2015	11	2	6	37.5	237.5	377.96	44.49	375.34	30.5	6.4	-2.3
4126	2015	12	22	6	37.5	237.5	587.28	-150.05	567.78	30.5	13.9	-1.7
4192	2017	2	8	0	35	240	454.1	23.57	453.49	30.5	8.8	-0.5
4223	2017	9	6	12	57.5	225	384.84	384.47	16.74	30.5	1.2	3.5
4236	2017	11	21	0	40	237.5	508.57	186.25	473.24	30.5	8.6	4.8
3293	2003	2	7	0	25	252.5	333.31	134.47	304.98	30.6	1.1	1.8
3294	2003	2	14	6	25	252.5	430.31	220.19	369.71	30.6	6.6	1.6
3387	2004	9	21	6	57.5	225	681.23	615.57	291.8	30.6	5.3	17.9
3396	2004	10	21	6	30	245	464.72	341.86	314.8	30.6	8.1	6.1
3412	2004	12	5	6	25	252.5	535.55	231.04	483.15	30.6	6.6	1.6
3421	2005	1	18	18	47.5	237.5	560.25	211.04	518.99	30.6	15.3	8.5
3477	2005	12	14	0	27.5	247.5	358	75.29	350	30.6	7.2	-1.1
3577	2007	7	18	18	45	237.5	355.99	354.55	31.94	30.6	3	5.3
3611	2007	12	7	0	35	240	657.14	124.41	645.25	30.6	10.6	4
3833	2011	9	24	0	50	235	652.3	540.96	364.5	30.6	4.6	8.6
3891	2012	8	3	6	57.5	225	440.88	156.43	412.19	30.6	7.7	5
3960	2013	9	11	0	57.5	225	354.69	321.66	149.47	30.6	0.5	8.5
3994	2014	2	9	12	37.5	237.5	457.76	128.22	439.43	30.6	8.3	6.7
4017	2014	7	12	12	57.5	225	291.35	288.57	40.19	30.6	-0.4	5.8
4059	2015	1	17	6	37.5	237.5	260.64	-116.33	233.24	30.6	3.3	-2.2
4097	2015	8	29	6	42.5	237.5	868.62	832.79	246.88	30.6	4.7	12.9
4168	2016	9	25	12	50	235	508.2	133.95	490.23	30.6	9.4	7.5
4212	2017	6	19	6	52.5	232.5	418.44	350.34	228.81	30.6	4.3	10.3
4217	2017	8	22	0	55	230	456.04	367.5	270.03	30.6	5.6	9.8
4217	2017	8	22	6	55	230	407.98	365.31	181.65	30.6	4.3	8.3
4227	2017	9	27	18	57.5	225	643.86	642.14	-46.94	30.6	-3.7	17.8
4231	2017	10	18	18	47.5	237.5	743.57	469.43	576.66	30.6	11.9	15.8
3315	2003	8	15	12	57.5	225	652.88	636.38	-145.83	30.7	-5	18.3
3440	2005	5	16	12	35	240	426.74	63.83	421.94	30.7	10.7	-1.6
3481	2005	12	28	6	40	237.5	757.43	533.37	537.79	30.7	9.5	16.1
3496	2006	4	4	6	32.5	242.5	410.94	255.17	322.11	30.7	7.3	4.7
3548	2007	1	12	18	25	252.5	313.39	208.92	233.6	30.7	3	2.9
3556	2007	3	11	18	47.5	237.5	717.81	421.51	581.02	30.7	15	15.9
3575	2007	7	13	0	57.5	225	437.03	423.88	106.41	30.7	1.1	9.2
3616	2008	1	5	0	35	240	753.89	468.21	590.88	30.7	14.3	12.6
3617	2008	1	4	12	27.5	247.5	363.57	121.28	342.75	30.7	10.4	2.2
3617	2008	1	4	18	27.5	247.5	361.15	136.41	334.4	30.7	8.5	2.5
3682	2009	1	5	0	25	252.5	485.2	369.61	314.33	30.7	3.7	6
3714	2009	9	21	18	52.5	232.5	467.02	216.88	413.61	30.7	7.8	6.3
3716	2009	10	5	18	57.5	225	553.64	144.66	534.4	30.7	13.5	6.3
3737	2009	12	29	0	25	252.5	481.34	381.35	293.71	30.7	3.7	6.4
3768	2010	8	11	0	57.5	225	392.04	33.61	390.59	30.7	8.1	1.6
3788	2010	12	22	0	30	245	411.8	313.62	266.86	30.7	3.4	5.7
3833	2011	9	23	0	50	235	798.58	648.48	466.05	30.7	5.8	18.5
3837	2011	10	11	12	37.5	237.5	360.52	-158.27	323.92	30.7	7.7	-4.2
3920	2012	12	19	6	27.5	247.5	436.28	129.93	416.48	30.7	9.1	1.4
4106	2015	10	5	12	27.5	247.5	311.17	248.16	187.74	30.7	5.4	8.2
4112	2015	10	21	6	25	252.5	254.26	203.77	152.07	30.7	1.6	0.9
4132	2016	1	19	18	37.5	237.5	527.31	133.56	510.12	30.7	15.5	4.4
4164	2016	9	13	6	57.5	225	591.96	299.12	510.83	30.7	14.1	9.8
4218	2017	8	27	18	52.5	232.5	353.07	125.27	330.1	30.7	6.4	1.2
3293	2003	2	6	6	25	252.5	462.49	179.07	426.42	30.8	3.6	1.1
3370	2004	5	24	18	57.5	225	347.87	261.49	229.42	30.8	2.6	9.7
3396	2004	10	22	0	27.5	247.5	452.43	289.69	347.52	30.8	9.7	4.6
3421	2005	1	18	6	47.5	237.5	664.16	199.5	633.49	30.8	17.5	7.5
3451	2005	8	19	12	55	230	523.14	501.68	148.3	30.8	4.6	12.2
3482	2006	1	2	6	35	240	579.88	405.81	414.22	30.8	5.7	11.8
3549	2007	1	17	0	25	252.5	478.18	247.4	409.21	30.8	2.7	2
3575	2007	7	12	0	57.5	225	426.88	414.15	103.44	30.8	-3.7	8.4
3578	2007	7	22	0	45	237.5	632.27	491.17	398.14	30.8	4.9	11
3720	2009	10	23	18	45	237.5	517.99	60.3	514.47	30.8	12.7	3.5
3827	2011	8	23	0	47.5	237.5	410.96	206.93	355.06	30.8	7.3	5.7
3831	2011	9	6	12	55	230	653.85	595.7	269.56	30.8	4.1	16.5
3943	2013	5	12	0	50	235	571.47	534.47	202.27	30.8	2	11.5
3993	2014	1	28	12	37.5	237.5	335.42	-211.32	260.47	30.8	5.6	-4.7
4086	2015	7	8	0	57.5	225	367.23	102.47	352.64	30.8	8.6	2.1
4113	2015	10	30	18	45	237.5	663.25	-63.05	660.24	30.8	14.9	1.9
4212	2017	6	15	18	45	237.5	544.33	367.07	401.94	30.8	6.8	13.5
4212	2017	6	18	6	47.5	237.5	449.04	3.27	449.03	30.8	8.4	3.8
3396	2004	10	19	18	35	240	608.74	452.22	407.51	30.9	7.3	12.3
3412	2004	12	5	18	25	252.5	508.43	297.04	412.63	30.9	4.6	5.1
3429	2005	2	19	12	27.5	247.5	344.07	264.44	220.12	30.9	8.1	7.5
3464	2005	10	18	6	27.5	247.5	478.81	434.11	202.01	30.9	7.1	11.9
3469	2005	11	7	18	37.5	237.5	310.44	226.62	212.17	30.9	3.2	3.9
3559	2007	3	22	6	27.5	247.5	427.71	355.5	237.81	30.9	4.5	4.2
3601	2007	10	19	6	42.5	237.5	879.79	496.49	726.31	30.9	12.7	13.4
3604	2007	11	11	12	35	240	374.9	-7.4	374.83	30.9	8.3	-1.7
3687	2009	1	22	6	35	240	378.94	378.83	-9.02	30.9	-0.7	8.5
3687	2009	1	23	0	30	245	311.09	307.65	46.12	30.9	1.1	9.6
3751	2010	3	8	12	22.5	255	515.38	140.32	495.91	30.9	4.4	-0.9
3759	2010	6	4	18	40	237.5	587.03	143.88	569.13	30.9	7.8	1.7
3767	2010	8	6	18	52.5	232.5	306.83	142.13	271.93	30.9	7.5	4.9
3792	2011	1	16	18	45	237.5	787.87	108.93	780.3	30.9	19.8	5.5
3891	2012	8	3	18	57.5	225	472.84	247.9	402.64	30.9	5.5	5.9
3922	2012	12	31	0	25	252.5	766.1	552.24	530.99	30.9	9	6.3
3976	2013	11	20	0	37.5	237.5	350.99	60.21	345.79	30.9	7.5	2
4019	2014	7	18	12	52.5	232.5	564.74	69.36	560.47	30.9	12.2	2.6
4034	2014	10	3	18	52.5	232.5	635.56	396.19	496.96	30.9	11.6	13.2
4057	2015	1	5	12	47.5	237.5	712.21	-135.92	699.12	30.9	18.6	-0.6
4064	2015	2	7	12	35	240	411.13	194.85	362.03	30.9	7.4	5.3
4076	2015	4	12	0	27.5	247.5	403.78	225.91	334.67	30.9	8.7	3
4099	2015	9	11	6	57.5	225	898.29	726.08	528.89	30.9	11.1	19.7
4113	2015	11	1	18	37.5	237.5	323.1	-33.99	321.31	30.9	5.9	-3.2
4134	2016	1	30	0	35	240	472.08	-78.67	465.48	30.9	11.8	-1.4
4143	2016	3	11	6	37.5	237.5	433.25	412.72	131.8	30.9	1.1	10.4
4221	2017	9	5	12	57.5	225	464.93	464.93	-0.14	30.9	-2.3	14
4232	2017	10	31	0	57.5	225	709.34	-107.95	701.08	30.9	15.4	-0.6
4238	2017	12	5	12	27.5	247.5	327.66	104.91	310.41	30.9	5	2.6
4245	2018	1	8	12	37.5	237.5	349.34	315.95	149.04	30.9	3.7	9.5
3421	2005	1	19	6	47.5	237.5	595.09	275.26	527.61	31	12.4	9.6
3506	2006	6	1	18	45	237.5	487.6	469.63	131.16	31	2.5	7.9
3577	2007	7	19	0	47.5	237.5	260.88	257.11	44.2	31	3.6	2.5
3621	2008	1	23	12	27.5	247.5	435.42	180.34	396.32	31	6.5	4.7
3665	2008	10	12	12	25	252.5	282.57	154.63	236.51	31	5.6	2.9
3707	2009	8	16	12	57.5	225	418.61	203.4	365.88	31	9.3	7.7
3714	2009	9	21	6	52.5	232.5	568.25	316.68	471.82	31	9.6	11.9
3767	2010	8	7	0	52.5	232.5	406.35	233.39	332.64	31	8.1	6.9
3784	2010	11	7	12	37.5	237.5	425.34	163.46	392.68	31	7.3	4.5
3833	2011	9	21	12	52.5	232.5	887.38	846.22	267.12	31	1.5	23.1
3835	2011	10	5	6	37.5	237.5	463.62	190.37	422.73	31	9.5	5.9
3905	2012	10	12	0	27.5	247.5	332.38	211.35	256.53	31	5.7	2.5
4159	2016	8	12	12	57.5	225	275.8	228.27	154.78	31	4.7	7.5
4221	2017	9	4	6	57.5	225	515.49	487.29	168.16	31	1.3	13.8
4232	2017	10	30	18	57.5	225	477.41	-85.59	469.67	31	10.9	0.1
3293	2003	2	7	6	25	252.5	363.27	215.18	292.69	31.1	0.4	2.7
3332	2003	10	17	12	47.5	237.5	686.64	481.61	489.42	31.1	11	12.5
3439	2005	4	24	6	27.5	247.5	427.71	201.19	377.43	31.1	13.1	3.1
3549	2007	1	18	18	25	252.5	412.3	302.49	280.17	31.1	4.1	2.5
3549	2007	1	20	0	25	252.5	677.08	450.69	505.3	31.1	6.7	4.8
3591	2007	9	22	0	30	245	507.5	499.61	89.13	31.1	1.3	11.3
3751	2010	3	8	0	25	252.5	595.07	226.7	550.2	31.1	6	-0.3
3916	2012	11	30	6	37.5	237.5	600.81	440.97	408.07	31.1	6.9	14
3960	2013	9	11	12	57.5	225	504.62	471.76	179.11	31.1	2.7	12.2
3993	2014	1	30	0	37.5	237.5	479.45	35.82	478.11	31.1	8.1	-1.8
4086	2015	7	8	6	57.5	225	414.44	76.18	407.38	31.1	11.2	1.2
4106	2015	10	5	18	27.5	247.5	343.08	229.99	254.57	31.1	7.4	7.5
4134	2016	1	29	6	37.5	237.5	366.5	-68.3	360.09	31.1	6.2	-2.1
4192	2017	2	8	6	37.5	237.5	324.15	183.87	266.95	31.1	3	5.5
4192	2017	2	10	12	35	240	477.99	266.49	396.81	31.1	6.1	4.2
4228	2017	10	3	18	57.5	225	429.98	391.4	178	31.1	1.6	13.6
4233	2017	11	7	0	32.5	242.5	352.07	103.04	336.66	31.1	8.2	1.7
4235	2017	11	16	12	37.5	237.5	523.58	249.07	460.55	31.1	9.3	5.3
3396	2004	10	21	12	30	245	534.55	419.76	330.97	31.2	7.1	8.3
3527	2006	10	11	6	57.5	225	615.61	514.36	338.26	31.2	8.6	10.9
3548	2007	1	13	0	25	252.5	379.77	181.94	333.35	31.2	6.3	3.2
3580	2007	8	6	6	57.5	225	430.43	-229.47	364.17	31.2	7.9	-6
3699	2009	5	3	6	37.5	237.5	495.76	131.09	478.12	31.2	8.4	3.2
3774	2010	9	17	12	45	237.5	261.63	216.33	147.15	31.2	1.8	3.8
3777	2010	9	27	18	50	235	829.18	659.92	502.03	31.2	8.9	16.7
3831	2011	9	7	6	55	230	626.85	498.35	380.25	31.2	6.5	10.6
3904	2012	10	15	6	45	237.5	434.33	197.23	386.96	31.2	9.6	6.1
3952	2013	8	15	18	47.5	237.5	287.83	230.85	171.91	31.2	1.3	2
3971	2013	11	4	12	22.5	255	360.98	197.2	302.35	31.2	4.3	2.8
3975	2013	11	16	0	25	252.5	281.29	180.69	215.58	31.2	4.5	3.6
4021	2014	8	12	0	57.5	225	428.58	426.51	-42.03	31.2	-2.8	10
4022	2014	8	14	12	57.5	225	431.25	384.49	195.31	31.2	2	9.5
4022	2014	8	14	18	57.5	225	375.2	332.06	174.67	31.2	1.8	7.6
4158	2016	7	24	6	52.5	232.5	446.98	199.88	399.8	31.2	7.8	5.8
4170	2016	10	8	18	47.5	237.5	540.34	300.9	448.8	31.2	10	7.4
4182	2016	12	10	12	37.5	237.5	510.57	79.49	504.34	31.2	12	3.2
3379	2004	8	29	6	50	235	426.49	20.49	426	31.3	7.8	1.5
3440	2005	5	15	18	40	237.5	503.26	267.39	426.35	31.3	6.5	2.4
3477	2005	12	12	0	27.5	247.5	291.06	47.03	287.24	31.3	4.6	1
3496	2006	4	4	0	32.5	242.5	410.88	285.75	295.24	31.3	6.6	5.5
3580	2007	8	6	12	57.5	225	356.86	-111.71	338.92	31.3	7.1	-3.1
3707	2009	8	16	0	57.5	225	404.64	15.97	404.32	31.3	11.3	2.6
3707	2009	8	16	18	57.5	225	564.26	390.07	407.71	31.3	11	12.9
3730	2009	12	1	6	22.5	255	715.6	500.29	511.65	31.3	5	5.6
3768	2010	8	10	18	57.5	225	344.88	-33.04	343.3	31.3	6.5	-0.6
3792	2011	1	16	6	45	237.5	665.24	-19.72	664.95	31.3	15.7	6
3971	2013	11	4	6	22.5	255	584.64	522.55	262.18	31.3	4	10.2
4182	2016	12	11	0	37.5	237.5	507.39	-25.27	506.76	31.3	10.3	-0.9
4233	2017	11	7	12	32.5	242.5	278.17	92.39	262.38	31.3	5.6	1
4245	2018	1	8	18	32.5	242.5	383.2	357.91	136.89	31.3	2.3	9.5
3294	2003	2	13	18	27.5	247.5	426.04	358.59	230.06	31.4	7.1	11.5
3315	2003	8	18	0	52.5	232.5	519.43	453.3	253.63	31.4	1.7	11.4
3383	2004	9	11	12	45	237.5	522.79	281.33	440.63	31.4	8.8	4.1
3443	2005	7	5	18	50	235	522.44	463.52	241.03	31.4	4.5	12
3456	2005	9	20	6	32.5	242.5	359.55	346.79	-94.9	31.4	-4.5	8
3469	2005	11	7	6	37.5	237.5	273.38	118.81	246.22	31.4	5.7	1
3514	2006	8	25	0	57.5	225	258.11	152.34	208.36	31.4	2.5	7.9
3549	2007	1	19	0	25	252.5	356.46	273.45	228.67	31.4	2	2.4
3577	2007	7	18	12	45	237.5	303.14	276.12	-125.12	31.4	-3.5	0.3
3622	2008	1	29	0	25	252.5	525.89	-4.95	525.87	31.4	8	-4.5
3707	2009	8	17	0	57.5	225	583.6	447.66	374.41	31.4	5.8	14.8
3714	2009	9	22	18	55	230	575.33	421.47	391.63	31.4	6.2	9.3
3788	2010	12	9	6	37.5	237.5	439.21	60.23	435.06	31.4	7.3	0.9
3788	2010	12	21	6	32.5	242.5	642.11	439.21	468.4	31.4	10.1	10.4
3831	2011	9	7	12	55	230	517.65	415.18	309.17	31.4	4	7
4069	2015	3	3	18	25	252.5	530.57	352.16	396.84	31.4	4.8	3.5
4122	2015	12	12	0	22.5	255	381.58	191.76	329.89	31.4	5.4	2.5
4126	2015	12	22	12	37.5	237.5	828.48	-385.23	733.47	31.4	19.5	-10.5
4171	2016	10	16	0	37.5	237.5	600.87	233.06	553.83	31.4	12.7	4.4
4182	2016	12	11	6	35	240	498.38	-121.05	483.46	31.4	10.4	-5.4
3343	2003	12	6	18	37.5	237.5	445.89	186.43	405.04	31.5	8.8	4.6
3713	2009	9	19	0	50	235	743.02	705.27	233.82	31.5	2.6	15.8
3759	2010	6	4	0	40	237.5	657.12	283.3	592.91	31.5	9.4	5.9
3861	2012	1	21	6	37.5	237.5	675.98	342.78	582.62	31.5	16.7	8.2
4033	2014	9	28	12	55	230	668.81	603.08	289.13	31.5	5.2	16.9
4062	2015	1	27	0	27.5	247.5	358.5	348.37	84.59	31.5	2.1	11.7
4069	2015	3	2	6	27.5	247.5	445.54	392.79	210.27	31.5	3.8	10
4094	2015	8	18	6	57.5	225	632.69	177.54	607.27	31.5	15.4	7.6
4097	2015	8	29	12	45	237.5	929.38	890.96	264.44	31.5	6.4	18.1
4102	2015	9	20	6	50	235	515.12	170.48	486.1	31.5	8.2	3
4106	2015	10	5	6	25	252.5	293.55	244	163.19	31.5	3.7	6.5
4173	2016	10	28	18	32.5	242.5	327.08	217.24	244.52	31.5	4.4	3
4189	2017	1	7	18	35	240	563.78	245.2	507.67	31.5	11.1	8.1
4192	2017	2	10	18	35	240	510.07	272.37	431.26	31.5	7.1	1.7
4233	2017	11	7	18	32.5	242.5	269.93	116.25	243.61	31.5	5	1.6
3393	2004	10	14	12	52.5	232.5	530.46	-115.59	517.71	31.6	10.9	-5.1
3441	2005	6	9	0	37.5	237.5	339.6	-30.93	338.19	31.6	7.6	-0.8
3522	2006	9	27	6	57.5	225	628.79	609.81	153.31	31.6	4.6	18.6
3580	2007	8	6	0	57.5	225	451.54	-278.22	355.64	31.6	8.1	-4.6
3653	2008	8	28	18	47.5	237.5	327.05	-46.25	323.76	31.6	7	-0.5
3774	2010	9	17	0	45	237.5	395.73	274.07	285.46	31.6	4.4	4.9
3788	2010	12	19	6	35	240	586.29	258.43	526.26	31.6	10	7.8
3788	2010	12	19	18	35	240	806.71	421.27	687.98	31.6	13.8	10.8
3857	2011	12	30	18	37.5	237.5	530.4	34.83	529.25	31.6	12.8	-2.4
3877	2012	4	25	18	32.5	242.5	369.63	344.54	133.87	31.6	0.9	1.9
4061	2015	1	24	6	47.5	237.5	513.61	42.35	511.86	31.6	14.5	3.7
4185	2016	12	21	18	30	245	404.93	398.86	69.85	31.6	0.8	10.2
3321	2003	9	5	0	52.5	232.5	478.13	419.55	229.31	31.7	0.8	9.5
3332	2003	10	17	0	47.5	237.5	891.84	603.54	656.6	31.7	14	19.6
3375	2004	7	18	6	45	237.5	292.44	281.52	79.17	31.7	3.3	0.4
3396	2004	10	20	18	32.5	242.5	597.77	398.45	445.61	31.7	10.6	8.9
3398	2004	10	26	0	22.5	255	355.46	329.76	132.7	31.7	2.6	4.4
3419	2005	1	3	12	27.5	247.5	462.68	429.39	172.34	31.7	3.7	14.3
3420	2005	1	10	18	32.5	242.5	445.12	220.2	386.84	31.7	9.9	6.7
3548	2007	1	13	6	25	252.5	321.39	179.71	266.45	31.7	4.4	0.7
3575	2007	7	10	6	57.5	225	424.71	346.89	245.04	31.7	6	11.9
3674	2008	11	26	12	30	245	472.39	374.78	287.56	31.7	7.9	11
3788	2010	12	18	18	35	240	564.36	190.23	531.33	31.7	9.6	6.1
3827	2011	8	22	12	50	235	564.07	392.98	404.64	31.7	7.6	7.5
3901	2012	9	27	18	52.5	232.5	545.68	471.52	274.64	31.7	7.5	10.5
4017	2014	7	12	0	57.5	225	457.99	436.59	138.34	31.7	0.9	9.8
4019	2014	7	18	18	52.5	232.5	612.16	37.75	610.99	31.7	13.4	3.1
4050	2014	12	12	6	35	240	495.42	452.48	201.75	31.7	6.7	9.1
4185	2016	12	22	0	30	245	387.31	387.24	-7.72	31.7	-1.6	10.4
4226	2017	9	22	6	57.5	225	345.23	61.86	339.64	31.7	6.8	6.6
4231	2017	10	27	12	57.5	225	834.04	541.15	634.64	31.7	12.8	15.7
3333	2003	10	25	18	55	230	657.79	338.25	564.16	31.8	13.6	12
3449	2005	7	31	6	50	235	541.04	394.8	369.95	31.8	6.7	8.6
3652	2008	8	24	12	50	235	764.52	729.28	229.42	31.8	2.7	16.1
3705	2009	7	24	18	55	230	397.76	152.04	367.55	31.8	6.2	0.3
3847	2011	11	25	18	25	252.5	481.77	208.88	434.13	31.8	4.9	1.3
3917	2012	12	2	18	35	240	654.72	206.24	621.39	31.8	14.3	5.2
3971	2013	11	3	18	22.5	255	448.12	442.42	71.23	31.8	0.2	9.4
4019	2014	7	19	0	52.5	232.5	634.05	96.87	626.61	31.8	11.6	5
4050	2014	12	11	12	37.5	237.5	954.32	812.04	501.32	31.8	10.9	21.5
4173	2016	10	24	0	32.5	242.5	349.12	344.48	56.74	31.8	-2.2	6.9
3321	2003	9	6	6	52.5	232.5	525.16	504.79	144.86	31.9	3	13
3404	2004	11	8	0	27.5	247.5	465.46	408.87	222.44	31.9	5.2	8.5
3510	2006	7	24	18	57.5	225	360.26	358.45	36.05	31.9	0.1	11.3
3730	2009	12	1	0	22.5	255	719.04	513.8	503.02	31.9	4.1	6.3
3776	2010	9	25	12	50	235	916.65	757.47	516.23	31.9	6.6	19.1
3827	2011	8	21	0	55	230	726.07	679.87	254.85	31.9	4.5	18.3
3843	2011	11	13	0	27.5	247.5	501.51	421.83	271.25	31.9	3.1	9.6
3891	2012	8	2	12	57.5	225	363.99	128.65	340.5	31.9	6.5	6.8
4022	2014	8	13	18	57.5	225	419.8	385.44	166.36	31.9	1.5	9.9
4192	2017	2	10	6	35	240	500.06	340.86	365.9	31.9	5.7	5.2
4217	2017	8	22	12	55	230	473.48	460.3	110.93	31.9	2.5	10.1
3321	2003	9	6	12	52.5	232.5	640.8	640.8	-0.2	32	-1.5	16
3424	2005	2	5	0	25	252.5	577.62	441.12	372.91	32	5	8.4
3440	2005	5	19	0	37.5	237.5	489.64	299.68	387.22	32	7.1	6.5
3459	2005	10	1	0	45	237.5	548.18	252.45	486.59	32	6.4	0.8
3475	2005	12	1	6	37.5	237.5	683.98	327.89	600.26	32	13.5	10.2
3510	2006	7	20	12	52.5	232.5	394.54	207.37	335.65	32	4.8	7.2
3622	2008	1	27	0	30	245	362.92	361.23	34.97	32	-4.8	9.7
3651	2008	8	20	6	45	237.5	538.27	338.67	418.38	32	8.6	11.5
3705	2009	7	25	0	55	230	373.57	149.33	342.42	32	3	1
3893	2012	8	14	6	50	235	402.8	-61.27	398.11	32	9.1	-1.4
3911	2012	11	9	12	27.5	247.5	322.58	235.78	220.15	32	5.4	7.3
3976	2013	11	19	18	37.5	237.5	342.24	-2.16	342.23	32	6.4	-0.2
4022	2014	8	15	0	57.5	225	450.39	434.06	120.17	32	-0.8	9.9
4022	2014	8	15	6	57.5	225	465.04	457.99	80.67	32	-0.4	7.7
4042	2014	11	3	12	25	252.5	361.08	186.45	309.22	32	6	2
4094	2015	8	18	0	57.5	225	508.68	41.66	506.97	32	10.2	3.7
4099	2015	9	10	18	57.5	225	596.2	490.55	338.84	32	4.7	15.4
4173	2016	10	27	12	37.5	237.5	483.5	393.33	281.18	32	3.5	8
4244	2018	1	7	0	32.5	242.5	334.71	-56.38	329.93	32	6.3	-2.8
3315	2003	8	15	0	57.5	225	647.01	646.54	-24.53	32.1	-2.5	19.6
3317	2003	8	22	6	40	237.5	337.3	308.47	-136.45	32.1	-3.9	7.5
3322	2003	9	9	18	37.5	237.5	360.4	-210.16	292.78	32.1	6.8	-5.2
3404	2004	11	7	18	27.5	247.5	444.87	422.75	138.56	32.1	0.6	6.8
3474	2005	11	25	12	37.5	237.5	434.33	111.49	419.78	32.1	9.7	3.3
3479	2005	12	22	0	37.5	237.5	563.6	382.96	413.51	32.1	9.7	9.6
3492	2006	2	28	12	32.5	242.5	650.15	399.4	513	32.1	13.3	7.4
3514	2006	8	25	6	57.5	225	453.54	386.94	236.6	32.1	5	12.8
3534	2006	11	7	18	42.5	237.5	830.57	414.54	719.72	32.1	13.4	9
3672	2008	11	7	18	47.5	237.5	349.41	220.43	271.1	32.1	5.7	8.2
3714	2009	9	22	6	55	230	774.96	563.39	532.12	32.1	7.2	14.6
3827	2011	8	21	18	50	235	555.41	325.95	449.71	32.1	7.1	8.1
3891	2012	8	3	12	57.5	225	471.26	161.97	442.55	32.1	7.2	5
3943	2013	5	12	12	47.5	237.5	603.86	498.22	341.2	32.1	6.3	9.7
3947	2013	6	29	0	50	235	574.12	569.46	73.05	32.1	-2.1	10.9
3983	2013	12	20	6	27.5	247.5	586.44	432.09	396.51	32.1	7.5	7.9
4023	2014	8	17	6	57.5	225	418.24	250.4	335	32.1	3.9	7.5
4142	2016	3	5	18	37.5	237.5	548.48	455.89	304.95	32.1	9	14.8
4185	2016	12	21	0	30	245	305.48	302.66	41.47	32.1	0	4.4
3305	2003	4	14	18	27.5	247.5	420.86	267.67	324.77	32.2	6.7	5.8
3305	2003	4	15	0	27.5	247.5	510.5	332.88	387.03	32.2	7.7	7.1
3396	2004	10	21	0	30	245	478.8	313.05	362.29	32.2	8.3	4.7
3580	2007	8	5	18	57.5	225	407.22	-322.43	248.73	32.2	5.3	-6.2
3649	2008	8	15	0	55	230	368.48	307.18	203.51	32.2	1.4	3.5
3781	2010	10	25	6	35	240	632.14	-217.82	593.43	32.2	13.3	-6.9
3788	2010	12	9	18	37.5	237.5	418.27	41.8	416.17	32.2	7.6	1.8
3919	2012	12	14	0	27.5	247.5	632	493.94	394.27	32.2	9.5	10.5
3983	2013	12	20	18	25	252.5	858.77	622.62	591.46	32.2	9.1	9.9
4113	2015	11	2	0	37.5	237.5	368.08	-44.99	365.32	32.2	6.5	-3.4
4159	2016	8	12	6	57.5	225	310.71	189.43	246.29	32.2	6.5	5.7
4164	2016	9	18	0	45	237.5	645.44	71.6	641.46	32.2	10.8	1.6
4190	2017	1	21	6	27.5	247.5	592.23	74.67	587.5	32.2	14.1	4.9
3315	2003	8	15	6	57.5	225	691.08	681.1	-117.02	32.3	-4.3	19.2
3321	2003	9	5	6	52.5	232.5	482.83	403.72	264.83	32.3	5.7	10.7
3333	2003	10	28	0	47.5	237.5	574.98	-325.96	473.66	32.3	7	-5.4
3459	2005	9	30	12	45	237.5	464.54	129.48	446.13	32.3	7.9	1.8
3464	2005	10	18	0	27.5	247.5	508.87	457.16	223.51	32.3	6.9	10.2
3591	2007	9	21	18	30	245	569.59	567.87	44.19	32.3	-2.2	12.7
3630	2008	3	13	6	37.5	237.5	536.08	-148.35	515.14	32.3	10.1	-4.4
3718	2009	10	14	18	35	240	426.15	133.98	404.54	32.3	7.6	4.1
3751	2010	3	7	12	25	252.5	535.69	299.86	443.9	32.3	5.4	4.4
3776	2010	9	25	0	50	235	857.18	651.08	557.54	32.3	6.1	20.2
3827	2011	8	19	12	57.5	225	251.66	175.37	180.49	32.3	3.2	8.6
3831	2011	9	6	18	55	230	759.58	660.12	375.77	32.3	5.5	16
3833	2011	9	24	6	50	235	520.23	450.14	260.79	32.3	2.5	5.3
3833	2011	9	26	18	47.5	237.5	734.27	577.67	453.26	32.3	8.1	17.9
3958	2013	9	8	0	57.5	225	672.71	664.44	105.15	32.3	0.7	17.4
3997	2014	3	1	18	27.5	247.5	443.94	248.42	367.92	32.3	8.4	4.9
4016	2014	7	6	12	47.5	237.5	288.79	181.98	224.24	32.3	3.6	4.1
4087	2015	7	18	12	55	230	457.26	-204.29	409.09	32.3	9.7	-6.4
4183	2016	12	16	0	35	240	688.08	492.52	480.5	32.3	8.9	13.8
4192	2017	2	7	12	37.5	237.5	934.97	421.95	834.34	32.3	17.7	13.6
4235	2017	11	16	18	35	240	569.4	231.12	520.38	32.3	9.5	4.3
4236	2017	11	21	18	45	237.5	797.3	609.95	513.46	32.3	11.7	18.7
4238	2017	12	5	18	27.5	247.5	412.34	167.23	376.91	32.3	5.4	1.4
3376	2004	7	27	18	57.5	225	339.03	313.26	129.64	32.4	2	9.5
3429	2005	2	19	6	27.5	247.5	368.8	279.01	241.18	32.4	6.5	7.5
3529	2006	10	15	18	25	252.5	407.31	105.6	393.39	32.4	6.2	-0.6
3534	2006	11	7	12	45	237.5	749.87	372.71	650.68	32.4	10.9	8.4
3549	2007	1	19	12	25	252.5	517.88	414.97	309.85	32.4	3.4	5.4
3751	2010	3	7	0	25	252.5	538.63	230.79	486.68	32.4	6	0.5
3759	2010	6	3	18	40	237.5	514.87	130.21	498.13	32.4	4.6	2.3
3788	2010	12	20	6	32.5	242.5	631.61	287.03	562.62	32.4	14	4.8
3904	2012	10	16	12	40	237.5	548.67	-137.54	531.15	32.4	11	-3.8
4106	2015	10	5	0	22.5	255	486.45	344.33	343.61	32.4	4.1	5.1
4108	2015	10	10	12	27.5	247.5	327.6	269.64	-186.06	32.4	-5.5	7.2
4171	2016	10	16	18	37.5	237.5	613.87	304.85	532.83	32.4	11.6	6.5
4185	2016	12	21	12	27.5	247.5	353.38	337.63	104.32	32.4	2.2	7.6
4187	2016	12	31	6	27.5	247.5	380.7	106.98	365.36	32.4	8.9	1
4193	2017	2	20	6	37.5	237.5	556.77	300.33	468.82	32.4	10.5	10.9
4215	2017	8	13	6	47.5	237.5	335.08	110.28	316.41	32.4	8.5	0.2
4219	2017	9	1	18	50	235	455.18	-17.12	454.85	32.4	4.8	-1.5
4223	2017	9	7	6	55	230	551.66	551.6	8.32	32.4	1.8	7.1
4227	2017	9	27	6	57.5	225	491.99	432.37	234.74	32.4	4.6	13.5
4231	2017	10	27	6	57.5	225	725.4	433.79	581.4	32.4	11.4	15
3398	2004	10	25	0	25	252.5	362.21	350.37	91.89	32.5	0.7	7.2
3440	2005	5	18	12	37.5	237.5	540.87	289.53	456.85	32.5	6.6	7.6
3524	2006	10	6	18	25	252.5	278.57	227.46	-160.82	32.5	-4.1	4.9
3622	2008	1	29	6	25	252.5	498.02	49	495.6	32.5	5.9	-2.5
3718	2009	10	15	0	32.5	242.5	276.37	-135.2	241.04	32.5	4.7	-4.2
3911	2012	11	10	18	25	252.5	478.82	124.52	462.34	32.5	8.8	-1.8
3919	2012	12	14	6	25	252.5	649.24	453.38	464.72	32.5	6.7	6.8
4042	2014	11	2	6	27.5	247.5	254.54	177.83	182.13	32.5	2.7	3.9
4045	2014	11	22	12	37.5	237.5	516.94	-114.7	504.05	32.5	11.9	-1.7
4063	2015	1	31	0	25	252.5	438.21	382	214.72	32.5	0.8	4.6
4070	2015	3	8	12	25	252.5	443.3	275.84	347.03	32.5	3.2	4.1
4222	2017	9	5	6	40	237.5	317.86	208.64	-239.8	32.5	-1.2	0.9
4233	2017	11	6	18	32.5	242.5	468.34	147.17	444.61	32.5	9.7	3.2
3420	2005	1	10	6	32.5	242.5	423.79	210.82	367.63	32.6	9.2	5.3
3452	2005	8	25	12	57.5	225	382.53	353.34	146.56	32.6	3.4	7.2
3548	2007	1	10	18	27.5	247.5	370.16	269.21	254.05	32.6	5.8	5.4
3572	2007	6	12	0	27.5	247.5	275.14	260.55	88.4	32.6	-0.2	9.4
3621	2008	1	23	6	27.5	247.5	350.93	106.73	334.31	32.6	5.7	0.7
3699	2009	5	5	6	37.5	237.5	497.55	83.02	490.57	32.6	9.7	2.2
3713	2009	9	18	18	50	235	620.28	591.49	186.79	32.6	0.8	14.5
3831	2011	9	8	18	55	230	506.44	447.57	236.98	32.6	5.4	11
3904	2012	10	16	18	37.5	237.5	380.55	-299.64	234.59	32.6	4.4	-9.4
3926	2013	1	26	18	27.5	247.5	284.38	192.9	208.95	32.6	5.9	4.5
4017	2014	7	12	6	57.5	225	372.83	348.97	131.23	32.6	1.3	7.3
4042	2014	11	2	18	25	252.5	355.14	233.33	267.74	32.6	4	4.4
4064	2015	2	8	18	37.5	237.5	786.35	753.45	225.06	32.6	5.5	22.6
4088	2015	7	18	6	32.5	242.5	275.25	267.47	65	32.6	1.8	9.6
3286	2003	1	8	6	27.5	247.5	355.04	347.56	72.5	32.7	-0.4	11.5
3575	2007	7	12	12	57.5	225	539.47	519.87	144.07	32.7	-0.2	12.5
3575	2007	7	13	6	57.5	225	284.21	277.43	61.72	32.7	1.1	2.9
3718	2009	10	13	12	37.5	237.5	627.45	555.73	291.31	32.7	3.3	16.8
3776	2010	9	26	6	47.5	237.5	482.38	351.83	330.01	32.7	7.1	7
3827	2011	8	21	12	52.5	232.5	660.05	517.35	409.9	32.7	6.5	13.6
3847	2011	11	24	6	27.5	247.5	456.66	339.72	305.17	32.7	7.7	9.6
3877	2012	4	26	0	35	240	381.58	377.37	-56.51	32.7	-1.7	7.1
3893	2012	8	14	0	52.5	232.5	482.67	223.86	427.62	32.7	8.5	7.4
3945	2013	5	28	6	37.5	237.5	408.16	-185.05	363.79	32.7	7.9	-5
3958	2013	9	8	6	57.5	225	691.05	677.7	135.19	32.7	2.9	18
4161	2016	8	26	12	57.5	225	580.71	-122	567.75	32.7	14	-5.3
3831	2011	9	8	12	55	230	402.62	335.58	222.46	32.8	4.7	6.7
3891	2012	8	2	18	57.5	225	435.58	212.54	380.21	32.8	8.4	8.1
3902	2012	10	1	6	52.5	232.5	739.18	341.92	655.35	32.8	13.9	11.9
3911	2012	11	11	0	25	252.5	453.58	56.55	450.04	32.8	6.8	-0.7
3993	2014	1	29	0	37.5	237.5	376.31	-256.39	275.44	32.8	4.4	-6
4107	2015	10	9	12	52.5	232.5	1027.35	1026.67	37.32	32.8	-5.8	28.5
4148	2016	4	7	6	32.5	242.5	305.15	237.34	-191.8	32.8	-1.7	6.4
4217	2017	8	21	6	55	230	385.63	222.59	314.9	32.8	4.7	7.1
4223	2017	9	11	6	52.5	232.5	885	575.06	672.7	32.8	13.2	15.9
3314	2003	7	20	6	50	235	462.72	404.48	224.74	32.9	4.3	9.4
3338	2003	11	12	18	30	245	489.62	404.78	275.46	32.9	3.4	4.6
3393	2004	10	13	0	57.5	225	696.16	576.51	390.22	32.9	4.4	18
3419	2005	1	3	6	27.5	247.5	369.68	324.34	177.39	32.9	4	9.4
3429	2005	2	19	0	27.5	247.5	351.05	277.59	214.89	32.9	5.3	6.7
3575	2007	7	12	18	57.5	225	497.2	476.64	141.49	32.9	2.4	9
3591	2007	9	22	6	30	245	552.69	540.04	117.59	32.9	2.3	12.3
3621	2008	1	23	18	27.5	247.5	460.85	208.86	410.8	32.9	5.9	4.2
3671	2008	11	1	12	37.5	237.5	620.44	565.37	255.54	32.9	4.8	15.1
3671	2008	11	2	0	35	240	572.95	436.23	371.44	32.9	7.9	9.5
3835	2011	10	5	18	32.5	242.5	571.91	147.25	552.63	32.9	11.4	3
3911	2012	11	10	6	27.5	247.5	459.47	180.2	422.66	32.9	11	1.2
3926	2013	1	24	6	32.5	242.5	528.67	522.36	81.44	32.9	-0.1	12.3
4024	2014	8	25	0	57.5	225	362.82	269.08	243.38	32.9	2	10.8
4099	2015	9	11	0	57.5	225	726.97	648.26	329.02	32.9	4.3	16.1
4235	2017	11	15	18	37.5	237.5	550.7	312.21	453.64	32.9	8.3	7.7
3294	2003	2	11	18	30	245	402.38	372.34	152.56	33	3.1	8.6
3396	2004	10	21	18	27.5	247.5	556.9	450.47	327.45	33	8.3	9
3427	2005	2	12	6	25	252.5	645.8	586.56	270.21	33	3.3	9.4
3475	2005	12	2	6	35	240	603.95	114.11	593.08	33	9.8	1.3
3588	2007	9	10	12	57.5	225	479.16	246.67	410.79	33	10.9	6
3589	2007	9	15	6	57.5	225	680.68	665.46	143.16	33	0	19.7
3652	2008	8	23	18	52.5	232.5	563.77	562.18	42.39	33	0.8	14.7
3674	2008	11	26	0	30	245	348.68	284.14	202.1	33	4.3	5.7
3835	2011	10	5	12	35	240	646.47	216.74	609.06	33	10.5	5.4
3877	2012	4	25	12	32.5	242.5	313.51	251.22	187.57	33	5.5	-1.1
3885	2012	6	16	6	52.5	232.5	620.2	425.33	451.38	33	5.8	16.1
3904	2012	10	16	0	45	237.5	761.19	444.37	618.02	33	12.9	13
3905	2012	10	11	18	27.5	247.5	311.24	230.43	209.22	33	5.1	2.5
4063	2015	1	31	6	25	252.5	458	407.64	208.8	33	2.6	6
4101	2015	9	15	6	32.5	242.5	298.73	194.64	226.62	33	5	6
4173	2016	10	28	12	32.5	242.5	411.22	313.21	266.46	33	7.1	5.3
4173	2016	10	29	0	32.5	242.5	253.14	184.14	173.7	33	0.8	4.2
4178	2016	11	21	12	27.5	247.5	353.75	140.33	324.73	33	6.7	3.6
4206	2017	4	26	18	37.5	237.5	647.35	-320.34	562.53	33	11.8	-7.8
3294	2003	2	11	0	30	245	332.27	284.33	171.94	33.1	1.8	8.4
3404	2004	11	7	6	27.5	247.5	422.8	395.48	149.51	33.1	1.8	6
3427	2005	2	12	12	25	252.5	655.73	503.33	420.29	33.1	6.5	6
3522	2006	9	27	0	57.5	225	545.91	481.89	256.53	33.1	4.8	14.7
3707	2009	8	15	18	57.5	225	378.96	15.8	378.63	33.1	9.9	4.2
3707	2009	8	17	18	55	230	511.69	132.3	494.29	33.1	10.5	6.5
3719	2009	10	17	0	47.5	237.5	388.5	300.24	246.55	33.1	2.5	6.9
3730	2009	11	30	12	22.5	255	490.34	317.71	373.49	33.1	1.9	3.4
3751	2010	3	7	18	25	252.5	632.78	388.52	499.46	33.1	5.7	4.2
3847	2011	11	25	12	25	252.5	438.41	214.87	382.15	33.1	4.9	-0.5
3958	2013	9	7	0	57.5	225	421.56	389.6	161.01	33.1	1.9	10.1
4021	2014	8	10	12	55	230	555.84	431.51	350.37	33.1	6.9	13.4
4021	2014	8	10	18	55	230	564.65	478.74	299.4	33.1	6.1	14
4027	2014	9	5	6	57.5	225	493.33	55.3	490.22	33.1	12.6	3.1
4070	2015	3	8	0	25	252.5	389.68	218.36	322.75	33.1	5.6	2
4102	2015	9	20	18	47.5	237.5	505.88	221.51	454.81	33.1	9.9	4.8
3332	2003	10	17	18	47.5	237.5	776.51	560.46	537.45	33.2	11.9	13.9
3393	2004	10	13	12	55	230	767.81	231.76	732	33.2	15.4	4.9
3452	2005	8	25	0	57.5	225	488.63	461.99	159.15	33.2	1.5	11.3
3456	2005	9	20	12	32.5	242.5	399.45	399.41	-5.65	33.2	-1	6.7
3591	2007	9	20	6	27.5	247.5	259.47	169.37	196.57	33.2	7.6	6.9
3751	2010	3	6	18	25	252.5	530.94	348.45	400.6	33.2	2.9	6.5
3885	2012	6	17	0	47.5	237.5	441.51	185.57	400.62	33.2	8.1	7.2
3958	2013	9	6	12	57.5	225	310.08	161.09	264.95	33.2	6	5
3960	2013	9	11	6	57.5	225	388.79	337.94	192.24	33.2	2.2	8
4212	2017	6	18	12	47.5	237.5	411.69	16.45	411.37	33.2	6.8	3.9
3294	2003	2	10	18	30	245	331.27	229.87	238.53	33.3	0.1	8.1
3461	2005	10	3	6	25	252.5	326.73	304.25	-119.11	33.3	-1.7	4.9
3479	2005	12	22	6	37.5	237.5	505.5	152.08	482.08	33.3	10.7	5.1
3665	2008	10	12	18	25	252.5	337.71	169.57	292.05	33.3	6.1	2.9
3781	2010	10	24	12	40	237.5	905.5	284.95	859.5	33.3	11.4	10.8
3833	2011	9	22	6	47.5	237.5	503	335.59	374.68	33.3	6	8.8
3904	2012	10	16	6	42.5	237.5	634.19	226.66	592.3	33.3	10.6	5
3918	2012	12	5	12	37.5	237.5	350.73	54.16	346.53	33.3	8.7	1.8
3958	2013	9	7	12	57.5	225	493.84	445.64	212.8	33.3	2.3	10.5
4173	2016	10	23	18	32.5	242.5	398.37	387.88	90.81	33.3	1.9	8.2
3419	2005	1	3	0	27.5	247.5	385.33	273.55	271.39	33.4	5.8	6.7
3461	2005	10	3	0	25	252.5	353.01	314.08	-161.14	33.4	-3.5	4.5
3692	2009	2	23	6	35	240	509.12	393.46	323.11	33.4	4	8.5
3715	2009	10	5	12	27.5	247.5	276.7	131.87	243.25	33.4	5	6.4
3766	2010	8	1	0	57.5	225	308.81	98.51	292.67	33.4	6.4	2.9
4023	2014	8	18	6	55	230	549.69	219.62	503.92	33.4	10.4	5.1
4185	2016	12	22	18	27.5	247.5	497	319.21	380.93	33.4	10.2	8.7
4221	2017	9	4	12	57.5	225	605.59	572.11	198.57	33.4	2.8	14.6
4223	2017	9	6	18	57.5	225	420.89	420.71	12.43	33.4	-0.1	4.8
4245	2018	1	9	12	32.5	242.5	604.52	552.59	245.13	33.4	7.5	17
3377	2004	8	22	6	45	237.5	449.04	169.9	415.66	33.5	9.5	2.8
3452	2005	8	24	12	57.5	225	315.57	272.42	159.28	33.5	2.4	9.5
3705	2009	7	24	6	55	230	455.92	228.77	394.37	33.5	6.3	5.1
3759	2010	6	4	12	40	237.5	801.03	317.73	735.32	33.5	9.6	6.5
3831	2011	9	7	0	55	230	782.95	700.7	349.31	33.5	4.3	14.2
3833	2011	9	22	0	50	235	675.92	585.74	337.31	33.5	3.2	11
4047	2014	12	3	6	32.5	242.5	400.16	270.07	295.28	33.5	8.2	6.6
4139	2016	2	18	6	32.5	242.5	597.85	377.6	463.51	33.5	10.1	6.3
4148	2016	4	7	18	27.5	247.5	401.53	312.31	252.36	33.5	4.6	5.3
4224	2017	9	11	18	35	240	349.78	292.92	-191.16	33.5	-4	6.2
3376	2004	7	28	0	57.5	225	345.4	299.9	171.36	33.6	2.4	7.1
3424	2005	2	5	6	25	252.5	442.93	411.55	163.75	33.6	-1.5	5.7
3578	2007	7	23	18	47.5	237.5	357.91	310.6	177.83	33.6	2.9	2.6
3665	2008	10	12	0	25	252.5	650.07	596.72	257.92	33.6	4.5	10
3671	2008	10	31	6	37.5	237.5	647.52	635.43	124.53	33.6	3.5	16.6
3671	2008	11	2	6	32.5	242.5	402.32	192.57	353.24	33.6	9.2	3.4
3779	2010	10	10	12	45	237.5	429.42	283.45	322.58	33.6	6.1	4.6
3833	2011	9	23	18	50	235	798.57	621.93	500.92	33.6	9	11.5
4023	2014	8	18	18	52.5	232.5	374.17	19.38	373.67	33.6	5	-1.3
3578	2007	7	23	12	47.5	237.5	398.45	369.67	148.68	33.7	1	4.4
3621	2008	1	24	12	27.5	247.5	545.43	243.79	487.92	33.7	10	3.1
3674	2008	11	27	0	27.5	247.5	381.19	306.54	226.57	33.7	6	9.2
3831	2011	9	7	18	55	230	524.33	459.1	253.28	33.7	3.9	9.2
3947	2013	6	28	18	47.5	237.5	349.75	327.89	121.72	33.7	-1.7	7.5
3958	2013	9	6	18	57.5	225	277.77	230.98	154.29	33.7	2.5	6.3
3994	2014	2	9	0	37.5	237.5	544.12	144.5	524.58	33.7	10.3	6.2
4017	2014	7	12	18	57.5	225	395.09	395	8.57	33.7	-1	7.1
4021	2014	8	11	18	57.5	225	432.92	432.41	-21.04	33.7	-2.5	9.1
4094	2015	8	18	12	57.5	225	755.85	296.08	695.44	33.7	15.2	9.1
4245	2018	1	9	6	32.5	242.5	612.63	597.48	135.4	33.7	2.2	15.6
3317	2003	8	22	0	35	240	353.88	351.98	36.54	33.8	-0.2	9.6
3338	2003	11	14	6	27.5	247.5	274.38	210.59	175.89	33.8	3.5	2.4
3429	2005	2	18	18	27.5	247.5	435.34	340.83	270.84	33.8	6.2	8.8
3451	2005	8	18	18	57.5	225	384.4	306.36	232.18	33.8	7.2	8.4
3452	2005	8	25	6	57.5	225	442.29	404.55	178.78	33.8	3.6	9.9
3534	2006	11	7	0	45	237.5	882.83	352.84	809.25	33.8	16.4	9.6
3549	2007	1	19	6	25	252.5	349.14	315.74	149.02	33.8	-1.9	2
3751	2010	3	7	6	25	252.5	556.24	346.59	435.06	33.8	2.3	3.7
3759	2010	6	4	6	40	237.5	771.36	311.13	705.83	33.8	11.3	6.4
3776	2010	9	25	6	50	235	912.02	748.02	521.77	33.8	6.2	17.2
3827	2011	8	22	0	50	235	632.7	504.18	382.24	33.8	4.7	9.3
3837	2011	10	10	18	40	237.5	456.93	10.6	456.8	33.8	7.7	3.5
3837	2011	10	11	6	37.5	237.5	352.2	-158.78	314.38	33.8	7.9	-3.5
3885	2012	6	16	12	50	235	597.73	222.7	554.69	33.8	9.8	7.8
3911	2012	11	9	18	27.5	247.5	342.49	212.52	268.58	33.8	6.2	5
3922	2012	12	30	18	25	252.5	624.15	520.59	344.31	33.8	3	5
3975	2013	11	16	12	25	252.5	304.46	291.26	88.68	33.8	0.4	6
4023	2014	8	17	18	57.5	225	595.55	490.41	337.91	33.8	6.6	14.9
4042	2014	11	3	0	25	252.5	381.88	204.86	322.28	33.8	5.9	2.9
4076	2015	4	12	6	27.5	247.5	347.76	201.25	283.61	33.8	6.4	3
4189	2017	1	8	6	37.5	237.5	526.43	436.23	294.67	33.8	5.1	11
4222	2017	9	6	0	37.5	237.5	427.35	389.87	-175.01	33.8	-3.1	10.9
3441	2005	6	8	18	37.5	237.5	405.22	-113.95	388.87	33.9	8.4	-3.5
3610	2007	12	4	6	37.5	237.5	464.48	190.72	423.52	33.9	9.8	3.8
3622	2008	1	27	6	32.5	242.5	715.71	715.42	20.54	33.9	-2.4	20.8
3827	2011	8	22	18	47.5	237.5	443.28	247.98	367.43	33.9	8.6	4.4
3883	2012	6	1	12	47.5	237.5	457.05	250.21	382.48	33.9	6	7.4
3917	2012	12	1	18	37.5	237.5	444.28	222.51	384.54	33.9	9.5	8.6
3980	2013	12	5	12	27.5	247.5	424.59	180.17	384.47	33.9	6.2	3.7
4097	2015	8	31	18	47.5	237.5	376.21	184.93	327.62	33.9	5.2	6.8
4122	2015	12	12	18	25	252.5	663.54	254.26	612.89	33.9	8.2	3.2
4183	2016	12	16	12	32.5	242.5	620.53	177.56	594.58	33.9	16	5.2
3336	2003	11	11	6	30	245	398.78	287.64	276.21	34	2.5	3.9
3338	2003	11	14	12	27.5	247.5	346.41	169.33	302.2	34	5.1	-0.4
3420	2005	1	9	6	32.5	242.5	520.49	320.46	410.14	34	10	9.6
3464	2005	10	17	18	27.5	247.5	531.13	526.44	70.37	34	1.7	12.5
3522	2006	9	26	18	57.5	225	447.26	411.78	174.59	34	0.9	14.4
3652	2008	8	24	18	47.5	237.5	552.46	456.18	311.62	34	6	6.9
3827	2011	8	20	18	55	230	681.39	635.58	245.61	34	4.2	15.9
3893	2012	8	13	18	52.5	232.5	519.36	203.32	477.91	34	7.7	6.5
3975	2013	11	16	18	25	252.5	323.01	200.22	253.47	34	4.2	4.3
4042	2014	11	2	12	27.5	247.5	371.61	229.34	292.39	34	5.7	4.4
4164	2016	9	17	12	47.5	237.5	509.55	156.32	484.98	34	7.9	4.2
4171	2016	10	15	0	37.5	237.5	608.44	236.77	560.49	34	9.6	3.3
4189	2017	1	9	6	35	240	733.58	502.42	534.52	34	8.7	10.3
3315	2003	8	14	18	57.5	225	551.47	546.29	75.43	34.1	0.6	18.8
3317	2003	8	21	18	35	240	351.98	345.16	-68.95	34.1	-1.3	9.4
3332	2003	10	21	0	47.5	237.5	931.41	575.78	732.13	34.1	16.3	15.5
3572	2007	6	11	12	27.5	247.5	284.27	283.77	16.97	34.1	-0.4	8.1
3904	2012	10	14	18	47.5	237.5	607.56	325.33	513.12	34.1	12.5	8.2
4047	2014	12	4	18	30	245	323.79	31.22	322.28	34.1	8.6	0.1
4064	2015	2	7	0	37.5	237.5	721.1	627.44	355.38	34.1	7.2	17.3
4069	2015	3	4	0	25	252.5	581.06	326.51	480.65	34.1	6	2
4192	2017	2	7	6	37.5	237.5	651.21	309.92	572.73	34.1	10.5	10.8
4235	2017	11	16	6	37.5	237.5	587.79	302	504.27	34.1	9.4	5.5
3464	2005	10	17	6	27.5	247.5	510.42	510.06	19.18	34.2	-1.7	11.4
3776	2010	9	25	18	50	235	896.26	762.16	471.58	34.2	9	18.9
3911	2012	11	10	0	27.5	247.5	487.01	231.25	428.61	34.2	10.9	4.9
3979	2013	12	1	6	27.5	247.5	274.86	247.22	120.12	34.2	0.8	3.6
4108	2015	10	10	6	25	252.5	366.88	344.36	-126.55	34.2	-4.7	5.8
4117	2015	11	16	18	25	252.5	594.78	149.47	575.69	34.2	8.3	0.1
4182	2016	12	9	18	37.5	237.5	394.15	19.49	393.67	34.2	9.4	1.4
3456	2005	9	20	18	32.5	242.5	373.52	367.27	68.08	34.3	0.6	3.9
3572	2007	6	11	18	27.5	247.5	264.62	258.43	56.89	34.3	-0.7	7.6
3608	2007	12	1	18	25	252.5	557.48	357.34	427.89	34.3	5.1	5.9
3918	2012	12	5	18	37.5	237.5	306.47	-6.73	306.4	34.3	6.6	-1.6
4023	2014	8	17	12	57.5	225	492.58	396.33	292.5	34.3	3.7	12.5
4183	2016	12	14	6	37.5	237.5	454.22	208.57	403.5	34.3	5.9	6.6
3412	2004	12	6	0	25	252.5	588.81	245.45	535.21	34.4	6.3	1.5
3419	2005	1	2	18	27.5	247.5	349.57	261.44	232.05	34.4	3.4	5.4
3475	2005	12	1	18	37.5	237.5	731.61	346.07	644.58	34.4	14.8	8.6
3831	2011	9	8	6	55	230	417.89	370.65	193	34.4	3.7	6.7
4171	2016	10	14	18	37.5	237.5	638.67	316.26	554.87	34.4	8.3	6.9
4217	2017	8	21	12	55	230	463.7	270.46	376.65	34.4	6.4	7
3376	2004	7	28	6	57.5	225	351.39	290.96	197.01	34.5	4.3	7.1
3575	2007	7	12	6	57.5	225	477.44	462.59	118.15	34.5	-1.1	11.1
3665	2008	10	12	6	25	252.5	416.83	358.77	212.19	34.5	3.9	5.6
3718	2009	10	13	18	37.5	237.5	743.39	602.29	435.75	34.5	8.2	15.3
4161	2016	8	25	18	57.5	225	365.22	-175.04	320.54	34.5	7.1	-5.2
4183	2016	12	15	18	37.5	237.5	553.71	369.98	411.96	34.5	8	8.4
4219	2017	9	2	6	52.5	232.5	411.33	219.96	347.58	34.5	5.3	4.5
3398	2004	10	25	6	27.5	247.5	252.63	238.17	84.25	34.6	0.2	6.7
3549	2007	1	19	18	25	252.5	630.14	492.92	392.56	34.6	3.9	3.8
3621	2008	1	24	6	27.5	247.5	454.3	266.96	367.59	34.6	5.8	3.6
3827	2011	8	20	12	57.5	225	638.36	624.33	133.09	34.6	0.6	14.4
3945	2013	5	27	18	37.5	237.5	433.81	-158.37	403.87	34.6	8.9	-5.7
3980	2013	12	4	12	27.5	247.5	284.34	92.83	268.76	34.6	5.6	2.8
4017	2014	7	11	18	57.5	225	464.15	448.31	120.24	34.6	1.6	10.1
4189	2017	1	8	12	37.5	237.5	852.9	752.1	402.21	34.6	6.5	21.8
4219	2017	9	2	0	50	235	376.22	110.17	359.73	34.6	3.1	2.9
3312	2003	7	11	18	30	245	307.44	138.1	-274.68	34.7	-4.5	5
3336	2003	11	11	12	30	245	497.24	342.89	360.11	34.7	3.4	4.4
4069	2015	3	2	12	27.5	247.5	550.48	440.6	330	34.7	7.9	8.7
4087	2015	7	18	0	57.5	225	574.7	99.79	565.97	34.7	9	2.6
3412	2004	12	6	6	25	252.5	697.07	488.05	497.7	34.8	6.2	5.5
3443	2005	7	6	6	47.5	237.5	460.45	268.86	373.81	34.8	8.2	5.2
3459	2005	9	30	18	45	237.5	552.58	256	489.7	34.8	6.7	2.4
3461	2005	10	3	12	25	252.5	361.05	341.02	-118.61	34.8	-1.7	5.7
3621	2008	1	24	0	27.5	247.5	504.56	211.74	457.98	34.8	6.8	2.8
3622	2008	1	28	12	27.5	247.5	607.44	258.52	549.68	34.8	13.4	3.9
3707	2009	8	17	12	57.5	225	551.97	364	414.94	34.8	6.4	13.2
4023	2014	8	18	0	55	230	535.14	244.01	476.27	34.8	7	6.3
4164	2016	9	17	18	45	237.5	603.71	71.52	599.46	34.8	9.6	1.3
4192	2017	2	9	18	37.5	237.5	771.62	588.45	499.13	34.8	9.6	11
3294	2003	2	11	12	30	245	604.62	559.97	228.06	34.9	5.5	14.5
3588	2007	9	10	18	57.5	225	485.64	251.11	415.68	34.9	10.5	6.5
3652	2008	8	24	6	50	235	709.85	689.92	167.02	34.9	1.4	14.6
3788	2010	12	20	18	32.5	242.5	724.89	500.79	524.1	34.9	8.6	12.6
3975	2013	11	16	6	25	252.5	437.81	272.78	342.45	34.9	7	4.5
4206	2017	4	26	12	37.5	237.5	629.57	-359.99	516.5	34.9	8.6	-5.4
3333	2003	10	28	18	47.5	237.5	921.57	-240.04	889.76	35	17.9	-5.9
3526	2006	10	9	18	25	252.5	450.23	262.1	366.08	35	5.3	3.6
3536	2006	11	14	6	37.5	237.5	773.24	-124.44	763.17	35	16.2	-1.5
4160	2016	8	18	18	57.5	225	449.73	166.08	417.94	35	9	5
4235	2017	11	17	18	32.5	242.5	550.22	1.19	550.21	35	12.4	-2.8
3534	2006	11	6	12	47.5	237.5	969.35	407.3	879.62	35.1	20.6	13.5
3759	2010	6	3	6	37.5	237.5	379.86	-27.38	378.87	35.1	6.8	-1.9
3993	2014	1	28	18	37.5	237.5	376.44	-234.37	294.58	35.1	5	-4.7
4047	2014	12	4	12	30	245	361.97	105.04	346.4	35.1	8.6	2.6
4108	2015	10	10	18	27.5	247.5	327.62	290.7	-151.1	35.1	-3.6	6.4
4119	2015	11	27	12	27.5	247.5	334.95	139.93	304.32	35.1	3.7	2.9
4192	2017	2	8	18	37.5	237.5	540.31	286.61	458.03	35.1	8.1	8.9
3332	2003	10	20	12	47.5	237.5	880.17	710.51	519.49	35.2	9.1	19
3362	2004	2	16	18	37.5	237.5	529.78	361.36	387.41	35.2	8.6	11.3
3543	2006	12	19	6	25	252.5	462.55	294.15	356.96	35.2	2.7	2.3
3595	2007	9	30	6	25	252.5	295.27	278.96	-96.76	35.2	-2.1	5.5
4024	2014	8	25	12	52.5	232.5	392.33	-204.4	334.88	35.2	7.8	-2.7
4069	2015	3	4	6	25	252.5	633.15	397.26	493.01	35.2	7.2	2
4087	2015	7	17	18	57.5	225	562.92	112.75	551.52	35.2	12.1	5.5
4189	2017	1	8	18	37.5	237.5	864.47	717.98	481.47	35.2	11.6	18.1
3332	2003	10	16	18	47.5	237.5	917.03	544.87	737.61	35.3	14.6	18.1
4107	2015	10	7	18	47.5	237.5	372.19	169.44	331.38	35.3	5.8	4.2
4212	2017	6	18	18	47.5	237.5	382.73	-3.61	382.71	35.3	5.3	1.6
4221	2017	9	5	6	57.5	225	463.96	455.99	85.64	35.3	-1.2	9.6
3383	2004	9	11	6	47.5	237.5	699.22	499.31	489.5	35.4	11.7	11.5
4174	2016	10	24	12	30	245	331.33	303.93	131.92	35.4	3.1	7
3461	2005	10	2	18	25	252.5	289.24	257.1	-132.51	35.5	-2.3	3.1
3492	2006	2	28	18	30	245	418.33	215.72	358.42	35.5	6.3	-0.1
3608	2007	11	30	6	30	245	471.13	417.89	217.55	35.5	3.9	10.5
3947	2013	6	24	18	37.5	237.5	411.06	52.67	407.67	35.5	6.3	1.7
4101	2015	9	15	12	32.5	242.5	339.82	185.64	284.63	35.5	7.7	6.9
3332	2003	10	17	6	47.5	237.5	911.51	592.79	692.43	35.6	13.9	16.6
3477	2005	12	13	0	27.5	247.5	398.76	154.58	367.58	35.6	5.5	0.4
3831	2011	9	8	0	55	230	525.96	476.36	222.96	35.6	2.9	9.2
4171	2016	10	14	12	37.5	237.5	656.01	303.42	581.63	35.6	6.9	5.5
4192	2017	2	8	12	37.5	237.5	443.31	197.58	396.85	35.6	6.2	7.9
4206	2017	4	26	6	37.5	237.5	552.66	-385.28	396.23	35.6	6.5	-8.1
3355	2004	1	14	6	25	252.5	468.3	466.37	-42.51	35.7	-2.9	10.8
3420	2005	1	10	0	32.5	242.5	606.81	353.51	493.21	35.7	10.8	8
3492	2006	2	28	6	32.5	242.5	679.62	525.66	430.78	35.7	9.9	11
3578	2007	7	23	6	47.5	237.5	419.74	352.83	227.35	35.7	3.2	2.6
3608	2007	12	1	6	27.5	247.5	733.14	539.58	496.34	35.7	15.3	14.5
4117	2015	11	16	12	25	252.5	339.02	162.25	297.68	35.7	2.3	2
3341	2003	11	29	18	37.5	237.5	576.79	532.38	221.93	35.8	1	11.8
3452	2005	8	24	18	57.5	225	410.36	373.57	169.82	35.8	2.7	9.7
3460	2005	9	30	0	22.5	255	358.78	159.64	-321.31	35.8	-5.4	2.6
3847	2011	11	25	0	27.5	247.5	493.33	334.31	362.79	35.8	9.6	4.7
4047	2014	12	2	12	32.5	242.5	516.01	315.02	408.7	35.8	8.1	6.7
4122	2015	12	12	6	25	252.5	617.26	362.53	499.58	35.8	7.9	5.2
4222	2017	9	5	18	37.5	237.5	400.61	328.34	-229.51	35.8	-3.5	8.9
3286	2003	1	8	12	27.5	247.5	335.3	305.59	137.97	35.9	0.9	9
3622	2008	1	27	18	30	245	657.93	566.24	335.03	35.9	9	13.2
3719	2009	10	15	12	37.5	237.5	255.13	115.22	227.63	35.9	4.6	3.8
3719	2009	10	17	6	47.5	237.5	520.05	452.38	256.53	35.9	2.8	10.2
4119	2015	11	27	6	27.5	247.5	346.02	231.66	257.03	35.9	2.8	3.2
4183	2016	12	16	6	32.5	242.5	754.4	370.41	657.2	35.9	16.1	7.4
4233	2017	11	7	6	32.5	242.5	441.34	128.02	422.36	35.9	7.9	-0.4
4087	2015	7	17	12	57.5	225	524.36	40.72	522.78	36	11.4	4.2
4122	2015	12	12	12	25	252.5	670.98	232.39	629.45	36	7	0.9
4165	2016	9	19	18	30	245	274.9	215.73	-170.38	36	-4.2	3.1
3464	2005	10	17	12	27.5	247.5	512.54	501.69	104.88	36.1	1.8	11.7
3519	2006	9	17	0	22.5	255	523.96	318.13	416.33	36.1	6.6	3.8
3707	2009	8	17	6	57.5	225	717.01	459.64	550.3	36.1	9.4	16.1
3843	2011	11	13	6	27.5	247.5	548.58	480.71	264.31	36.1	3.3	10.7
4042	2014	11	3	18	25	252.5	464.93	234.11	401.69	36.1	5.8	1.6
4064	2015	2	6	18	37.5	237.5	796.74	697.6	384.9	36.1	8.2	16.5
4221	2017	9	5	0	57.5	225	511.56	476.3	186.64	36.1	0.1	8.4
3419	2005	1	2	12	27.5	247.5	389.56	302.21	245.81	36.2	6	7.4
3459	2005	9	29	12	47.5	237.5	708.63	216.51	674.74	36.2	11.6	7.8
3459	2005	9	30	6	45	237.5	579.03	90.32	571.94	36.2	10	0
3477	2005	12	13	18	27.5	247.5	435.47	63.17	430.86	36.2	5.6	-2.6
3516	2006	9	4	0	25	252.5	292.83	280.24	-84.92	36.2	-0.9	4.6
3622	2008	1	27	12	30	245	612.01	553.32	261.53	36.2	6.9	15.2
3833	2011	9	23	12	50	235	1066.2	940.09	503.01	36.3	6.7	16.6
3837	2011	10	11	0	37.5	237.5	462.27	-151.17	436.85	36.3	9.7	-2.4
3926	2013	1	25	0	30	245	342.81	279.04	199.13	36.3	4.4	3.7
3958	2013	9	7	18	57.5	225	575.32	561.68	124.54	36.3	2.1	12.1
4161	2016	8	26	6	57.5	225	598.22	-103.1	589.27	36.3	13.7	-3.5
3526	2006	10	10	12	25	252.5	256.55	92.1	239.45	36.4	3.8	-1
3926	2013	1	25	18	30	245	296.9	292.72	49.64	36.4	-1.6	4.7
3980	2013	12	4	18	27.5	247.5	469.74	161.1	441.25	36.4	11	4
4069	2015	3	2	18	27.5	247.5	593.81	401.21	437.77	36.4	9.9	5.6
4120	2015	11	29	6	25	252.5	413.33	323.37	257.44	36.4	2.8	6.9
4192	2017	2	7	18	37.5	237.5	821.36	225.91	789.68	36.4	15.2	6.1
4235	2017	11	17	6	35	240	722.08	272.04	668.87	36.4	12.5	5.2
3420	2005	1	9	18	32.5	242.5	570.83	372.54	432.51	36.5	9.9	9.2
3718	2009	10	14	0	35	240	766	504.37	576.51	36.5	8.5	13.6
3718	2009	10	14	6	35	240	651.47	337.69	557.12	36.5	10.6	8.8
3979	2013	12	1	12	27.5	247.5	299.99	211.39	212.86	36.5	3.3	2
3336	2003	11	12	0	30	245	508.32	368.57	350.07	36.6	1.4	5.9
3529	2006	10	15	12	25	252.5	344.73	60.19	339.44	36.6	6.6	-2.4
3578	2007	7	22	12	47.5	237.5	660.53	578	319.71	36.6	5.3	11.7
3715	2009	10	2	18	32.5	242.5	334.89	156.86	295.88	36.6	5.6	1.7
3947	2013	6	25	0	37.5	237.5	446.38	122.61	429.21	36.6	7.7	3.6
4117	2015	11	14	6	27.5	247.5	374.84	260.89	269.15	36.6	3.7	4.5
4221	2017	9	4	18	57.5	225	589.37	517	282.97	36.6	4.4	10.5
4224	2017	9	11	12	35	240	277.79	181.21	-210.54	36.6	-2.5	1.2
3294	2003	2	12	6	30	245	430.22	426.25	-58.35	36.7	-6.3	8.8
3477	2005	12	13	6	27.5	247.5	413.94	208.83	357.41	36.7	5.7	2.4
3543	2006	12	19	0	25	252.5	565.93	300.08	479.83	36.7	6.2	2
3610	2007	12	4	12	37.5	237.5	401.38	97.56	389.34	36.7	6.4	1.7
3665	2008	10	11	0	25	252.5	353.42	353.07	15.66	36.7	-0.9	4.7
3715	2009	10	5	18	25	252.5	355.18	240.82	261.07	36.7	5	4.7
3827	2011	8	22	6	50	235	684.56	468.45	499.18	36.7	7.7	7.9
4070	2015	3	8	6	25	252.5	410.42	237.76	334.54	36.7	3.4	1
4120	2015	11	28	18	25	252.5	305.19	298.43	63.87	36.7	-1.6	6.5
4173	2016	10	28	0	37.5	237.5	401.7	328.15	231.69	36.7	3.3	4.4
3443	2005	7	6	0	47.5	237.5	493.42	356.39	341.25	36.8	5.2	7.3
3534	2006	11	7	6	45	237.5	853.85	388.48	760.36	36.8	13.4	9.1
3536	2006	11	13	18	37.5	237.5	645.57	-51.87	643.48	36.8	11.6	1
3718	2009	10	14	12	35	240	615.32	223.71	573.22	36.8	9.7	6.5
3827	2011	8	20	6	57.5	225	647.58	619.28	189.34	36.8	2.6	16.6
3926	2013	1	24	12	30	245	477.28	427.43	212.37	36.8	4.4	10.2
4018	2014	7	14	18	30	245	263.03	205.35	-164.36	36.8	-3.9	5.1
4108	2015	10	13	6	32.5	242.5	280.36	202.6	-193.8	36.8	-4.2	5
4134	2016	1	29	18	37.5	237.5	546.99	-16.49	546.74	36.8	10.2	-0.9
3398	2004	10	25	12	25	252.5	425.46	424.42	29.75	36.9	-1.6	7.7
3595	2007	9	30	0	25	252.5	346.94	342.86	53.1	36.9	1	6.4
3608	2007	11	29	18	27.5	247.5	303.63	263.3	151.2	36.9	4.1	5.4
3608	2007	11	30	0	27.5	247.5	350.55	289.27	198	36.9	5.2	5.3
3608	2007	12	1	12	25	252.5	707.93	396.47	586.49	36.9	10.3	4.5
3833	2011	9	23	6	50	235	1260.49	1003.83	762.33	36.9	11.1	21.4
3519	2006	9	16	18	22.5	255	402.27	361.7	176.05	37	2.4	5.7
3769	2010	8	16	18	22.5	255	387.08	188.01	-338.35	37	-2.8	2.3
4106	2015	10	4	18	22.5	255	643.19	546.81	338.66	37	2.7	7.5
3460	2005	9	30	6	22.5	255	348.65	148.63	-315.38	37.1	-5.5	2.1
3947	2013	6	25	12	37.5	237.5	443.44	210.54	390.28	37.1	7.4	4.4
3980	2013	12	4	6	27.5	247.5	429.74	36.01	428.23	37.1	10.6	0.6
4042	2014	11	3	6	25	252.5	365.18	278.63	236.06	37.1	4.1	3.1
4182	2016	12	10	18	37.5	237.5	527.67	40.39	526.12	37.1	8	1.2
3420	2005	1	9	12	32.5	242.5	563.08	290.32	482.46	37.2	11	7.3
3516	2006	9	1	12	22.5	255	471.75	430.98	-191.84	37.2	-2.3	6.6
3610	2007	12	4	18	37.5	237.5	334.57	23.66	333.73	37.2	5.6	-0.2
3847	2011	11	24	12	27.5	247.5	471.05	389.33	265.16	37.2	7.8	9.3
3906	2012	10	16	18	25	252.5	549.67	545.16	70.27	37.2	-1.3	8.1
3398	2004	10	25	18	25	252.5	447.19	442.96	61.39	37.3	-0.1	6.4
3451	2005	8	18	12	57.5	225	396.08	307.31	249.88	37.3	5.4	9.4
3665	2008	10	11	6	25	252.5	520.7	520.35	-18.98	37.3	-1	8.1
3827	2011	8	21	6	52.5	232.5	681.81	507.85	454.92	37.3	6.9	12.4
3970	2013	10	31	0	25	252.5	328.89	230.66	234.45	37.3	1.6	2.1
3338	2003	11	13	6	27.5	247.5	377.05	238.63	291.92	37.4	6.2	2.6
3591	2007	9	23	0	27.5	247.5	300.53	275.79	119.41	37.4	4.3	4.5
3665	2008	10	11	12	25	252.5	535.04	534.73	-18.4	37.4	-1.1	8.8
3674	2008	11	26	6	30	245	517.99	492.63	160.08	37.4	3.4	11.7
4024	2014	8	25	18	52.5	232.5	366.69	-198.2	308.51	37.4	5.5	-3.8
4120	2015	11	29	0	25	252.5	401.42	396.66	61.67	37.4	-2	7.5
3418	2004	12	30	0	27.5	247.5	493.82	269.23	413.97	37.5	9.8	7.9
3459	2005	9	30	0	47.5	237.5	826.58	215.7	797.94	37.5	14.5	5.4
3532	2006	10	25	0	22.5	255	490.06	490	7.22	37.5	-1.5	7.4
4161	2016	8	26	0	57.5	225	473.51	-117.18	458.78	37.5	8.7	-1.7
3534	2006	11	6	6	47.5	237.5	861.36	363.96	780.68	37.6	17.1	12.7
3906	2012	10	16	12	25	252.5	385.66	384.28	-32.54	37.6	-4.2	5.9
3975	2013	11	17	0	22.5	255	305.4	71.92	296.81	37.6	2.4	1.1
4062	2015	1	26	12	27.5	247.5	344.47	314.71	-140.06	37.6	-5.3	8.9
4222	2017	9	5	12	37.5	237.5	356.78	225.53	-276.46	37.6	-6.5	4.2
3578	2007	7	23	0	47.5	237.5	484.75	433.91	216.11	37.7	2.5	5.2
3604	2007	11	11	6	37.5	237.5	386.06	16.7	385.7	37.7	6.1	-2.9
3665	2008	10	11	18	25	252.5	702.78	702.77	2.6	37.7	-0.2	11.1
3715	2009	10	5	6	25	252.5	382.3	277.58	262.87	37.7	4.3	5.8
4047	2014	12	5	0	27.5	247.5	267.34	-86.66	252.9	37.7	2.9	-4.3
4087	2015	7	18	6	57.5	225	650.06	140.8	634.63	37.7	12	4
3332	2003	10	20	18	47.5	237.5	1213.96	810.56	903.71	37.8	18.3	18.9
3336	2003	11	11	18	30	245	495.81	410.86	277.53	37.8	-0.6	5.5
3374	2004	7	14	0	25	252.5	384.28	333.35	-191.17	37.8	-3.7	7.6
3460	2005	9	30	12	22.5	255	281.4	223.53	-170.95	37.8	-4.3	2.6
4062	2015	1	26	18	27.5	247.5	433.55	420.12	-107.09	37.8	-3.9	11.9
4217	2017	8	21	18	52.5	232.5	473.11	221.02	418.31	37.8	9.3	4.3
3477	2005	12	13	12	27.5	247.5	519.46	96.91	510.34	37.9	10.3	-2.5
4042	2014	11	5	0	22.5	255	618.31	616.89	41.76	37.9	-3.2	6.8
4047	2014	12	2	6	35	240	369.79	368.05	35.81	37.9	-1.8	9.3
4117	2015	11	16	6	27.5	247.5	481.88	123.19	465.87	37.9	8.2	3.3
3526	2006	10	10	6	25	252.5	420.51	107.34	406.58	38	7.3	-0.3
3759	2010	6	3	12	37.5	237.5	465.34	-43.1	463.34	38	7.7	-2.3
3781	2010	10	25	0	37.5	237.5	806.17	22.95	805.84	38	14.1	0.6
3327	2003	9	24	6	25	252.5	304.64	210.9	219.84	38.1	3.7	2.2
3536	2006	11	14	0	37.5	237.5	825.75	-76.95	822.15	38.1	15.8	0.6
3587	2007	9	5	12	25	252.5	597.26	587.04	110.01	38.1	0.6	9.2
3715	2009	10	5	0	25	252.5	620.35	436.71	440.58	38.1	6	8.7
4106	2015	10	4	12	22.5	255	522.76	522.43	18.49	38.1	-3.4	5.8
3534	2006	11	6	18	47.5	237.5	996.58	425.06	901.38	38.2	18.7	11.7
3578	2007	7	22	18	47.5	237.5	532.6	463.09	263.07	38.2	3.7	5.2
3587	2007	9	6	12	25	252.5	273.86	98.25	255.63	38.2	4.7	1.2
3591	2007	9	23	6	27.5	247.5	277.19	252.79	113.73	38.2	2.2	4.6
3608	2007	11	29	12	27.5	247.5	311.31	282.69	130.38	38.2	3	5.3
3657	2008	9	11	18	22.5	255	363.91	265.18	249.21	38.2	3.7	3.3
3906	2012	10	18	0	25	252.5	398.8	163.63	363.68	38.2	5.9	3.3
4148	2016	4	7	12	30	245	312.39	312.39	-1.57	38.2	0.3	2.8
3294	2003	2	13	0	27.5	247.5	577.86	560.33	141.26	38.3	2.1	11.5
3526	2006	10	10	0	25	252.5	572.77	207.37	533.91	38.3	8.5	2.7
3578	2007	7	22	6	47.5	237.5	769.32	624.78	448.89	38.3	6.5	14.8
3715	2009	10	3	12	25	252.5	357.1	290.74	207.35	38.3	1.5	4.7
4050	2014	12	11	6	37.5	237.5	800.22	672.18	434.18	38.3	7.7	17.5
4108	2015	10	12	18	30	245	482.16	291.51	-384.06	38.3	-11.9	4.8
4117	2015	11	14	12	27.5	247.5	357.2	210.21	288.8	38.3	2.7	2.2
3327	2003	9	24	0	25	252.5	440.64	406.94	168.99	38.4	1.5	5.4
3386	2004	9	20	0	25	252.5	261.28	241.8	98.99	38.4	1.3	3.8
3516	2006	9	2	6	22.5	255	326.45	323.8	-41.5	38.4	0.2	5.9
4119	2015	11	26	12	27.5	247.5	432.59	252.27	351.42	38.4	4.6	3.8
3294	2003	2	11	6	30	245	466.79	462.46	63.45	38.5	-2	11.5
4047	2014	12	3	0	32.5	242.5	539.61	371.75	391.13	38.5	9.4	8
3419	2005	1	4	0	27.5	247.5	736.01	625.97	387.13	38.6	8	13.9
3516	2006	9	3	18	25	252.5	426.72	375.57	-202.57	38.6	-4	6.6
3548	2007	1	11	12	27.5	247.5	429.75	256.98	344.45	38.6	8.3	5
4088	2015	7	19	12	30	245	363.16	329.12	-153.5	38.6	-3.1	8.8
4018	2014	7	15	0	35	240	315.42	195.92	-247.19	38.7	-2.2	7.1
3338	2003	11	12	12	30	245	668.03	564.41	357.35	38.8	4.9	8.5
3532	2006	10	25	18	25	252.5	266.32	223.26	145.19	38.8	0.4	3.7
3338	2003	11	13	0	27.5	247.5	379.75	253.13	283.08	38.9	4.6	1
4018	2014	7	14	6	30	245	292.66	97.59	-275.91	38.9	-6	3.6
4026	2014	9	4	18	22.5	255	747.41	738.21	-116.97	38.9	-3	13
4088	2015	7	18	12	32.5	242.5	383.84	383.15	-23.08	38.9	-0.8	10.4
3327	2003	9	23	18	25	252.5	499.15	493.64	73.98	39	-0.4	7.3
3587	2007	9	5	6	25	252.5	641.71	627.19	-135.74	39	-3.6	10
4108	2015	10	12	12	30	245	484.12	255.86	-410.98	39	-9.9	3.6
4108	2015	10	13	0	32.5	242.5	338.57	151.86	-302.6	39	-7.6	3.5
3516	2006	9	2	0	22.5	255	390.91	365.64	138.26	39.1	3.5	5.4
3715	2009	10	4	12	25	252.5	438.46	283.39	334.57	39.1	3	6.5
3715	2009	10	4	18	25	252.5	523.67	412.32	322.85	39.1	3.6	8
3955	2013	8	24	6	27.5	247.5	254.02	99.67	-233.65	39.1	-5.2	2
4108	2015	10	11	6	27.5	247.5	390.66	303.81	-245.59	39.1	-4.9	3
3327	2003	9	23	12	25	252.5	566.03	554.39	114.21	39.2	0.1	8.1
3374	2004	7	13	18	25	252.5	317.48	238.38	-209.69	39.2	-5.1	4.6
3418	2004	12	29	0	27.5	247.5	474.72	415.94	228.8	39.2	6	8.9
3926	2013	1	26	0	30	245	432.55	407.09	146.23	39.2	0.7	5.6
3427	2005	2	11	0	27.5	247.5	654.89	631.89	172.06	39.3	1.9	17.6
3548	2007	1	11	0	27.5	247.5	476.02	315.24	356.67	39.3	5	4.2
3717	2009	10	12	18	25	252.5	484.14	465.89	-131.68	39.4	-3.6	7.6
4047	2014	12	2	18	32.5	242.5	635.42	467.46	430.39	39.4	9.9	11.6
4063	2015	1	30	18	27.5	247.5	331.63	236.29	232.7	39.4	4.9	2.6
4082	2015	6	8	0	27.5	247.5	256.02	179.28	-182.77	39.4	-4.1	4.5
4117	2015	11	14	18	27.5	247.5	333.09	233.85	237.2	39.4	-1.7	3.1
3427	2005	2	11	6	27.5	247.5	745.1	724.78	172.83	39.5	3.6	19.5
3926	2013	1	26	12	27.5	247.5	499.56	386.61	316.37	39.5	8.3	6.7
3906	2012	10	17	0	25	252.5	699.4	696.4	64.64	39.6	-2.9	10.7
4029	2014	9	14	18	22.5	255	1014.22	764.57	-666.38	39.6	-14.2	12.8
4108	2015	10	11	12	27.5	247.5	437.77	312	-307.08	39.6	-8.6	5
4119	2015	11	27	0	27.5	247.5	458.25	187.43	418.17	39.6	8.1	1.6
3548	2007	1	11	18	27.5	247.5	357.53	231.86	272.15	39.7	5.8	3.7
3717	2009	10	13	18	25	252.5	333.13	326.42	-66.54	39.7	-1.9	6.7
3951	2013	7	19	6	22.5	255	277.11	103.76	256.95	39.7	5	0.8
4042	2014	11	4	0	25	252.5	546.12	332.2	433.46	39.7	6.4	3.1
4088	2015	7	19	18	30	245	402.39	400.96	-33.85	39.7	-0.5	8.5
3532	2006	10	25	12	25	252.5	366.04	363.24	45.19	39.8	-2.3	7
3595	2007	10	1	0	30	245	323.26	319.11	-51.57	39.8	-2.8	6.5
3717	2009	10	13	12	25	252.5	345.23	335.91	-79.69	39.8	-3.5	7.1
4173	2016	10	28	6	35	240	391.54	373.49	117.53	39.8	1.3	4.3
3587	2007	9	6	6	25	252.5	349.65	232.04	261.56	39.9	4.8	4.1
3906	2012	10	17	6	25	252.5	638.36	622.05	143.38	39.9	0	11.7
4165	2016	9	20	0	30	245	308.79	255.68	-173.16	39.9	-4	4.3
3294	2003	2	12	12	30	245	736.87	726.9	120.8	40	2.3	14.7
3970	2013	10	30	12	27.5	247.5	422.41	284.27	312.44	40	4.7	6
4174	2016	10	25	0	30	245	349.24	226.64	265.71	40	1.1	2.3
3715	2009	10	3	18	25	252.5	548.97	463.2	294.65	40.1	1.9	6.5
3715	2009	10	4	0	25	252.5	596.71	470.88	366.52	40.1	2.9	7.2
3926	2013	1	24	18	30	245	516.46	444.94	262.23	40.1	7.1	8.8
3926	2013	1	25	6	30	245	404.41	376.72	147.07	40.1	0.4	4.5
3970	2013	10	31	6	25	252.5	448	182.04	409.34	40.1	4.3	0.7
3980	2013	12	5	6	27.5	247.5	515.3	299.62	419.25	40.1	5.9	5.3
4042	2014	11	4	12	25	252.5	360.82	298.02	203.4	40.1	1.8	0.3
4119	2015	11	25	18	27.5	247.5	330.79	144.19	297.71	40.1	5.3	1.7
3427	2005	2	12	0	27.5	247.5	569.2	512.06	248.56	40.2	4.4	12.1
3715	2009	10	4	6	25	252.5	479.54	436.94	197.6	40.2	0.1	7.6
4117	2015	11	16	0	27.5	247.5	442.86	251.09	364.8	40.2	3.3	7.3
3951	2013	7	18	18	27.5	247.5	326.36	-325.2	27.48	40.3	1.7	-7.2
3961	2013	9	18	18	22.5	255	323.92	319.79	51.53	40.3	1.4	4.2
4088	2015	7	19	0	30	245	417.83	404.17	-106	40.3	-1.8	8
3294	2003	2	13	12	27.5	247.5	620.69	475.53	398.9	40.4	10.2	11.7
3425	2005	2	10	6	27.5	247.5	336.43	305.38	141.17	40.4	0.3	6.1
3674	2008	11	26	18	27.5	247.5	453.17	358.16	277.63	40.5	6.1	7.6
3970	2013	10	30	18	27.5	247.5	317.26	177.91	262.68	40.5	2.4	2.9
3971	2013	11	3	12	25	252.5	305.51	277.51	127.78	40.5	-1.6	1.9
4088	2015	7	18	18	30	245	492.43	394.94	-294.12	40.5	-6.4	9.3
4185	2016	12	22	12	27.5	247.5	661.77	527.02	400.25	40.5	7.7	10.1
3427	2005	2	11	18	27.5	247.5	698.74	666.71	209.12	40.7	2.2	16.4
3591	2007	9	22	18	27.5	247.5	333.44	332.7	22.27	40.7	2.7	6.3
3717	2009	10	13	0	25	252.5	448.07	448.07	-1.11	40.7	-0.1	7.4
3906	2012	10	17	18	25	252.5	561.46	391.98	401.99	40.7	5.5	7.9
4098	2015	9	7	18	25	252.5	285.01	100.58	-266.67	40.7	-3.6	0.4
4174	2016	10	24	18	30	245	417.16	344.33	235.5	40.8	3.3	5.5
3419	2005	1	3	18	27.5	247.5	667.89	620.97	245.91	40.9	4	14.4
4018	2014	7	14	12	30	245	266.17	136.75	-228.36	40.9	-5.3	5.9
4119	2015	11	26	6	27.5	247.5	433.68	190.59	389.56	40.9	7.9	4.7
4165	2016	9	20	6	30	245	424.46	405.55	-125.28	40.9	-5.8	5.4
4185	2016	12	22	6	27.5	247.5	620.25	569.24	246.34	40.9	4.4	9.7
3516	2006	9	3	12	25	252.5	451.43	437.55	-111.11	41	-2.5	7.7
3532	2006	10	24	18	25	252.5	357.43	356.73	22.26	41	-3	4.7
4026	2014	9	5	18	25	252.5	622.62	595.75	-180.91	41	-4.4	10.1
4165	2016	9	20	12	30	245	387.99	386.32	35.97	41	-0.2	7.7
4029	2014	9	17	0	25	252.5	445.89	435.6	95.22	41.1	1.8	6.7
3418	2004	12	29	18	27.5	247.5	521.87	370.16	367.87	41.3	8.7	6.7
3511	2006	7	25	12	27.5	247.5	290.88	124.41	-262.94	41.3	-3.8	5.7
3717	2009	10	12	12	25	252.5	378.61	378.57	5.39	41.3	-1.9	5.9
3980	2013	12	5	0	27.5	247.5	598.02	282.58	527.05	41.3	8.5	2.3
4165	2016	9	19	12	27.5	247.5	311.35	154.7	-270.2	41.3	-5.7	1
3312	2003	7	11	6	27.5	247.5	339.34	131.85	-312.68	41.4	-3.1	4.4
3327	2003	9	23	6	25	252.5	728.49	725.18	-69.36	41.4	-3.3	11.3
3587	2007	9	6	0	25	252.5	462.39	331.55	322.31	41.4	4.2	5.5
3955	2013	8	26	12	27.5	247.5	266.39	266.13	-11.84	41.4	0	4.4
3312	2003	7	11	12	27.5	247.5	376.12	194.9	-321.68	41.5	-3.2	6.9
3386	2004	9	19	18	25	252.5	593.76	591.55	51.14	41.5	-1.1	10.4
3906	2012	10	17	12	25	252.5	572.95	494.51	289.37	41.5	2.4	10.2
4042	2014	11	5	6	25	252.5	448.24	394.2	213.36	41.5	1.2	3.8
3828	2011	8	26	18	25	252.5	364.88	-71.8	-357.74	41.6	-5	-1.1
4108	2015	10	12	6	27.5	247.5	574.44	487.9	-303.21	41.6	-6.6	11.6
4165	2016	9	21	0	30	245	301.27	298.24	-42.6	41.6	-4.3	2.9
3286	2003	1	8	18	27.5	247.5	462.14	407.75	217.52	41.7	3.1	9.2
3955	2013	8	24	18	25	252.5	487.32	398.98	-279.82	41.7	-5	6.4
4063	2015	1	29	18	27.5	247.5	378.83	266.34	269.4	41.7	3.7	3.8
4119	2015	11	26	18	27.5	247.5	453.89	204.17	405.38	41.7	6.4	3.2
3950	2013	7	9	0	27.5	247.5	266.75	30.91	-264.96	41.8	-2.1	1.7
4042	2014	11	4	18	25	252.5	422.85	391.38	160.09	41.8	0.2	2.8
3427	2005	2	10	18	27.5	247.5	611.99	603.8	99.74	41.9	0.5	12.5
3847	2011	11	24	18	27.5	247.5	659.58	539.34	379.67	41.9	9.2	9.9
4088	2015	7	19	6	30	245	420.54	408.04	-101.79	41.9	-2.1	8.1
4162	2016	9	6	6	22.5	255	726.97	665.19	-293.28	41.9	-4.4	9.5
3286	2003	1	9	6	27.5	247.5	357.58	196.8	298.56	42.1	6.9	4.4
3330	2003	10	7	18	25	252.5	367.76	360.73	-71.53	42.1	-1.8	3.7
3926	2013	1	25	12	30	245	416.18	372.78	185.03	42.1	1.7	4.7
3906	2012	10	16	6	25	252.5	360.26	354.78	62.57	42.2	-2.6	4.4
3447	2005	7	20	6	25	252.5	288.19	206.12	-201.42	42.3	-2.8	2.7
3532	2006	10	25	6	25	252.5	388.24	387.57	-22.73	42.3	-3.2	5.7
3717	2009	10	13	6	25	252.5	567.42	564.31	-59.35	42.3	-1.3	8.7
3320	2003	9	4	0	25	252.5	319.39	239.36	-211.46	42.5	-3.1	4.6
3971	2013	11	4	0	25	252.5	597	587.07	108.45	42.5	-2.2	9.5
4042	2014	11	4	6	25	252.5	499.3	431.18	251.75	42.5	3.7	3.5
4098	2015	9	8	0	25	252.5	302.3	232.78	-192.87	42.5	-0.9	3.4
4108	2015	10	11	18	27.5	247.5	546.77	430.01	-337.72	42.5	-7.5	9
3320	2003	9	4	6	25	252.5	368.22	159.48	-331.89	42.6	-7.5	2.8
3710	2009	9	2	6	25	252.5	501.78	408.71	-291.1	42.6	-5.2	6.3
4047	2014	12	4	6	30	245	439.04	245.07	364.27	42.6	6.9	5.5
3950	2013	7	8	18	27.5	247.5	293.91	-65.89	-286.43	42.7	-4	-1.8
3516	2006	9	3	6	25	252.5	379.23	369.74	-84.34	42.8	-2.7	4.4
3622	2008	1	28	0	27.5	247.5	615.58	445.26	425.07	42.8	8.2	7.5
3715	2009	10	2	12	30	245	287.78	183.43	221.74	42.8	4.1	4.5
3894	2012	8	16	12	25	252.5	299.36	286.36	-87.24	42.8	-0.4	4.3
4029	2014	9	18	6	30	245	368.19	-307.07	203.16	42.8	4.8	-6.2
4063	2015	1	30	6	27.5	247.5	458.21	426.94	166.38	42.8	3.6	6.4
4082	2015	6	8	12	27.5	247.5	403	249.49	-316.49	42.8	-8	4.6
4222	2017	9	5	0	37.5	237.5	501.7	238.83	-441.21	42.8	-6.8	4.3
3775	2010	9	21	12	22.5	255	346.1	319.15	-133.91	42.9	-1.8	3.9
3828	2011	8	26	12	25	252.5	304.05	-61.38	-297.78	42.9	-3.7	0.1
3957	2013	8	28	12	22.5	255	487.25	419.79	-247.36	42.9	-4.5	4.5
3970	2013	10	30	6	27.5	247.5	376.57	283.05	248.38	42.9	2.6	5.8
3955	2013	8	24	12	25	252.5	482.76	423.44	-231.85	43	-4.9	7.6
3961	2013	9	18	12	22.5	255	462.91	462.84	8.22	43	0.6	7.7
3386	2004	9	19	12	25	252.5	467.12	464.24	51.75	43.1	-0.8	5.9
3710	2009	8	31	6	27.5	247.5	258.05	128.89	-223.56	43.1	-3.6	3.1
3828	2011	8	26	6	25	252.5	342.38	-36.15	-340.46	43.1	-4.7	-1
4108	2015	10	12	0	27.5	247.5	589.36	525.44	-266.95	43.1	-4.8	11
3459	2005	9	29	18	47.5	237.5	896.21	260.65	857.47	43.2	15.1	5.6
3622	2008	1	28	6	27.5	247.5	701.64	436.42	549.4	43.2	9.6	6.3
4026	2014	9	5	12	25	252.5	550.77	515.28	-194.5	43.2	-3.5	9
4063	2015	1	30	12	27.5	247.5	575.45	428.8	383.77	43.2	9.7	5.2
4103	2015	9	20	12	30	245	294.38	72.75	-285.25	43.2	-6	4
4088	2015	7	20	6	35	240	258.05	108.77	-234	43.3	-5.4	3
3327	2003	9	23	0	25	252.5	728.25	693.36	-222.69	43.4	-5.5	8.6
3447	2005	7	20	0	25	252.5	489.12	382.99	-304.22	43.4	-4.6	6.2
4082	2015	6	8	6	27.5	247.5	340.62	139.99	-310.52	43.4	-5.8	1.6
3587	2007	9	5	0	25	252.5	615.34	604.41	-115.42	43.5	-3	8.2
3587	2007	9	5	18	25	252.5	730.47	726.65	74.68	43.5	-1.9	10.6
3608	2007	11	30	12	27.5	247.5	439.35	427.51	101.3	43.5	2.3	6.7
3710	2009	9	3	12	30	245	313.4	-30.79	-311.89	43.5	-6.8	-0.3
3959	2013	9	10	0	22.5	255	348.2	346.03	38.82	43.5	0.8	5.6
3386	2004	9	19	6	25	252.5	505.34	505.1	15.69	43.6	0.8	5.9
3461	2005	10	3	18	27.5	247.5	416.31	356.07	-215.7	43.6	-5.4	7
3957	2013	8	29	12	25	252.5	427.2	384.58	-186.01	43.6	-2.4	6.2
4117	2015	11	15	12	27.5	247.5	460.3	281.33	364.32	43.6	3.4	3.2
4162	2016	9	7	6	25	252.5	695.96	676.63	162.89	43.6	4.9	9
3330	2003	10	8	12	25	252.5	327.65	316.89	-83.25	43.7	-1.8	3
3427	2005	2	11	12	27.5	247.5	868.97	831.42	252.66	43.7	5.1	18.9
3654	2008	8	29	12	30	245	302.98	-123.63	-276.61	43.7	-6.7	2.4
3654	2008	8	30	0	30	245	270.04	-62.61	-262.68	43.7	-5.5	-0.1
3657	2008	9	12	0	25	252.5	358.75	185.84	306.86	43.7	3.2	3.1
4088	2015	7	20	0	30	245	458.7	425.27	171.89	43.7	3.1	7.5
4103	2015	9	22	12	27.5	247.5	277.68	219.41	170.19	43.8	2.4	2.4
3386	2004	9	18	18	25	252.5	635.89	593.24	-228.96	43.9	-2.9	8.2
4029	2014	9	16	18	25	252.5	602.02	601.88	12.9	43.9	0.6	9.5
4162	2016	9	7	0	25	252.5	909.5	875.63	-245.89	43.9	-3.8	12.3
3374	2004	7	14	6	27.5	247.5	316.98	237.99	-209.38	44	-2.1	6.3
3657	2008	9	11	6	25	252.5	326.46	319.33	67.87	44	1.5	4.8
3548	2007	1	11	6	27.5	247.5	490.75	403.09	279.93	44.1	3.1	8.2
3657	2008	9	11	12	25	252.5	270.62	195.33	187.29	44.1	2.7	1.8
3955	2013	8	26	6	27.5	247.5	326.06	314.31	-86.75	44.1	-2.4	6.5
3957	2013	8	28	6	22.5	255	474.13	396.12	-260.56	44.1	-4	4.7
3961	2013	9	19	6	22.5	255	283.04	266.58	95.11	44.1	2.5	2.8
3654	2008	8	30	6	30	245	312.54	-24.45	-311.58	44.2	-7.8	1.5
3286	2003	1	9	0	27.5	247.5	464.43	349.94	305.35	44.3	6.8	8.6
3961	2013	9	19	0	22.5	255	456.41	444.8	102.3	44.3	1	6.4
3583	2007	8	24	6	22.5	255	390.7	297.03	-253.82	44.4	-1.3	3.8
4162	2016	9	6	0	22.5	255	780.73	697.87	-350	44.4	-5.5	9
3330	2003	10	8	0	25	252.5	328.25	326.22	-36.53	44.6	-1.8	3.1
3519	2006	9	17	6	25	252.5	377.52	305.29	222.08	44.6	3.6	6.1
3710	2009	9	2	0	25	252.5	489.73	466.48	-149.13	44.6	-1.9	6.1
4029	2014	9	15	0	22.5	255	853.82	720.05	-458.84	44.6	-8	9.7
4220	2017	8	31	18	27.5	247.5	407.84	95.68	-396.46	44.6	-8.1	2.6
3386	2004	9	19	0	25	252.5	610.42	608.29	-50.99	44.7	-0.3	8.2
3775	2010	9	21	18	25	252.5	442.84	419.65	-141.41	44.7	-1.5	7
4029	2014	9	15	12	25	252.5	797.38	715.62	-351.73	44.7	-6	10.7
4103	2015	9	20	18	30	245	396.08	33.12	-394.7	44.7	-7.7	1.5
4117	2015	11	15	18	27.5	247.5	504.55	295.73	408.8	44.7	2.9	6.5
4222	2017	9	4	18	35	240	523.64	313.18	-419.66	44.7	-7.8	4.3
3595	2007	10	1	6	27.5	247.5	465.82	384.65	-262.74	44.8	-7.8	8.4
4026	2014	9	5	6	25	252.5	513.58	464.66	-218.76	44.8	-2.4	7.4
4047	2014	12	4	0	30	245	437.8	257.44	354.11	44.8	5	4.8
3654	2008	8	29	18	30	245	338.92	-104.34	-322.46	44.9	-6.5	0.5
3970	2013	10	29	12	27.5	247.5	504.13	336.01	375.83	44.9	6.8	7
4162	2016	9	6	18	25	252.5	872.43	846.55	-210.92	44.9	-2.7	11.3
3581	2007	8	19	6	25	252.5	392.63	246.95	-305.25	45	-2	6
4029	2014	9	16	6	25	252.5	785.85	748.44	-239.56	45	-4	12.7
3327	2003	9	22	12	27.5	247.5	436.82	-59.65	-432.73	45.1	-7.2	0.3
3516	2006	9	1	18	25	252.5	469.47	326.1	-337.73	45.1	-3.5	4.2
3950	2013	7	9	6	27.5	247.5	309.88	119.43	-285.94	45.2	-1.4	4.3
4165	2016	9	20	18	27.5	247.5	366.54	366.48	6.7	45.2	0	4.1
4117	2015	11	15	0	27.5	247.5	372.16	240.67	283.87	45.3	-0.3	3.4
3710	2009	8	31	12	27.5	247.5	279.15	128.34	-247.9	45.4	-3.4	3.9
4098	2015	9	8	6	25	252.5	352.38	262.33	-235.28	45.4	-0.5	3.7
3294	2003	2	12	18	30	245	812.58	811.28	45.99	45.5	0.7	18.6
3595	2007	9	30	12	27.5	247.5	361.84	357.03	-58.83	45.5	-1.8	10
3710	2009	9	3	6	30	245	307.56	100.36	-290.73	45.5	-6.1	2.5
3926	2013	1	26	6	27.5	247.5	484.94	417.54	246.63	45.5	3.7	6.5
3957	2013	8	29	6	25	252.5	494.27	402.7	-286.6	45.5	-4.4	5.5
3970	2013	10	29	18	27.5	247.5	547.1	359.15	412.71	45.5	7	7.3
4029	2014	9	16	0	25	252.5	838.77	760.94	-352.86	45.6	-6.2	11.5
4162	2016	9	7	18	27.5	247.5	361.96	200.03	301.66	45.6	5.6	6.4
3381	2004	9	3	18	27.5	247.5	282.53	278.01	-50.33	45.7	0	6.3
3710	2009	8	31	18	27.5	247.5	289.38	177.43	-228.6	45.7	-3.3	4.8
3970	2013	10	30	0	27.5	247.5	542.01	292.71	456.17	45.8	7.9	2.6
3775	2010	9	21	6	25	252.5	348.99	282.84	-204.45	45.9	-1.7	3.8
3587	2007	9	4	18	25	252.5	521.24	261.71	-450.78	46	-9.6	2.5
4026	2014	9	5	0	25	252.5	585.98	521.71	-266.81	46	-3.6	8.7
3959	2013	9	10	6	25	252.5	289.27	273.04	95.53	46.2	2.4	4
3775	2010	9	23	0	25	252.5	302.38	296.4	59.81	46.5	-0.1	4.9
4029	2014	9	15	18	25	252.5	1042.48	964.55	-395.5	46.5	-7.4	15.3
3386	2004	9	18	12	27.5	247.5	395.03	348.3	-186.36	46.6	-4.8	8.2
3775	2010	9	22	12	25	252.5	398.09	397.46	-22.43	46.6	-0.6	5.4
4220	2017	9	1	0	27.5	247.5	469.1	191.14	-428.39	46.6	-8.3	4.8
3595	2007	10	2	0	30	245	275.05	249.78	115.16	46.7	1.3	4.5
3957	2013	8	29	0	25	252.5	467.26	416.27	-212.24	46.7	-3.5	5.5
4103	2015	9	20	6	27.5	247.5	347.48	208.56	-277.93	46.7	-7.6	5.2
4029	2014	9	16	12	25	252.5	757.81	723.09	-226.76	46.8	-3.2	11.8
3950	2013	7	8	12	25	252.5	273.98	220.42	-162.72	46.9	0.2	5.1
4063	2015	1	30	0	27.5	247.5	531.72	441.84	295.82	46.9	4.6	5.5
4220	2017	9	2	6	30	245	520.06	106.43	-509.05	46.9	-8.6	4.4
3532	2006	10	24	6	27.5	247.5	436.44	378.54	217.22	47	3.2	5.2
3595	2007	10	1	12	30	245	387.25	383.63	-52.83	47	-2.1	8.9
3957	2013	8	30	18	30	245	250.78	204.6	-145.03	47	-3.4	4.7
4162	2016	9	6	12	25	252.5	718.54	574.69	-431.32	47	-6.8	6.7
4103	2015	9	22	6	27.5	247.5	395.2	247.49	308.12	47.1	6	2.2
4220	2017	9	1	18	25	252.5	705.4	687.43	-158.19	47.1	-3.7	9.3
4222	2017	9	4	12	35	240	438.1	233.69	-370.58	47.1	-3.2	1.9
3447	2005	7	21	18	27.5	247.5	278.72	105.52	-257.98	47.3	-4.7	2.3
3715	2009	10	3	0	30	245	309.73	211.75	226.04	47.5	-0.7	-0.1
3951	2013	7	19	0	25	252.5	283.45	187.77	212.34	47.5	3.1	2.7
3330	2003	10	8	6	25	252.5	413.63	398.21	-111.87	47.6	-1.5	3.7
3294	2003	2	13	6	27.5	247.5	674.82	625.6	252.98	47.7	3.7	9.9
3608	2007	12	1	0	27.5	247.5	969.76	901.47	357.47	47.7	8.5	19.7
3710	2009	9	1	18	27.5	247.5	331.89	189.92	-272.17	47.7	-6.1	4
4103	2015	9	22	0	27.5	247.5	517.38	314.37	410.92	47.7	8.9	5.2
3581	2007	8	19	0	25	252.5	317.9	189.79	-255.03	47.9	-1.4	4.7
3959	2013	9	9	18	25	252.5	314.07	287.34	-126.77	47.9	-1.7	4.1
3710	2009	9	1	12	27.5	247.5	264.99	161.17	-210.34	48	-3.9	3.5
3955	2013	8	26	0	27.5	247.5	424.49	424.41	7.9	48	-0.6	7.4
4098	2015	9	8	12	25	252.5	354.55	252.72	-248.67	48	-1.4	2.2
3447	2005	7	21	12	27.5	247.5	321.51	125.52	-296	48.1	-4.5	1.8
3511	2006	7	25	18	27.5	247.5	485.72	189.98	-447.03	48.1	-5.7	7.3
3769	2010	8	16	12	27.5	247.5	303.7	234.84	-192.57	48.1	-4.4	5.9
3775	2010	9	22	18	25	252.5	430.96	427.61	53.62	48.2	0.3	6
3894	2012	8	17	18	27.5	247.5	301.32	292.01	-74.31	48.2	-0.1	5.6
4029	2014	9	15	6	25	252.5	1005.39	813.45	-590.84	48.2	-9.6	12.2
3595	2007	9	30	18	27.5	247.5	477.04	418.08	-229.73	48.3	-5.2	9.7
3381	2004	9	4	0	27.5	247.5	384.26	379.9	-57.74	48.4	-1.7	8.7
3447	2005	7	20	12	27.5	247.5	370.83	184.48	-321.68	48.4	-6.7	6
3581	2007	8	18	18	25	252.5	338.67	205.8	-268.97	48.6	-2.1	4.2
3608	2007	11	30	18	27.5	247.5	843.12	842.33	36.48	48.6	0.7	17.7
3957	2013	8	28	18	25	252.5	493.86	380.51	-314.82	48.6	-5.6	3.8
4015	2014	7	4	0	27.5	247.5	250.81	167.75	-186.45	48.6	-1.9	5.2
4098	2015	9	9	18	27.5	247.5	454.93	388.43	-236.82	48.6	-4.6	6.8
3381	2004	9	5	18	30	245	344.92	214.38	-270.2	48.7	-8.7	3.2
3710	2009	9	3	0	27.5	247.5	373.63	372.32	-31.27	48.7	-0.5	7.4
3906	2012	10	18	6	27.5	247.5	309.96	297.78	86.05	48.8	1.3	4.4
3959	2013	9	9	12	25	252.5	309.88	299.67	-78.9	48.8	-0.7	3.5
4015	2014	7	3	18	27.5	247.5	309.98	142.25	-275.41	48.9	-5.6	5
3458	2005	9	26	18	27.5	247.5	378.01	270.68	-263.86	49	-6	3.3
3532	2006	10	24	12	27.5	247.5	409.35	321.11	253.88	49	3.3	2.9
4088	2015	7	17	12	27.5	247.5	312.99	183.82	-253.33	49	-4.7	4.7
4088	2015	7	18	0	27.5	247.5	303.81	231.79	-196.4	49	-4.1	5.6
3894	2012	8	18	0	30	245	262.34	192.63	-178.1	49.1	-4.7	2.7
4103	2015	9	21	0	27.5	247.5	350.6	344.68	-64.15	49.3	-1.4	6.3
3595	2007	10	1	18	30	245	264.67	263.76	-21.97	49.4	-1.5	5
3715	2009	10	2	6	27.5	247.5	259.32	257.1	-33.86	49.4	-2.5	4.5
4035	2014	10	7	12	27.5	247.5	422.25	420.49	38.51	49.4	0	9
4035	2014	10	7	18	27.5	247.5	406.58	403.55	49.53	49.4	-0.9	8.1
4103	2015	9	21	12	27.5	247.5	380.04	317.09	209.49	49.4	3	6.4
4103	2015	9	21	6	27.5	247.5	321.08	312.87	72.13	49.5	1.3	6.4
3447	2005	7	21	0	27.5	247.5	298.25	107.29	-278.29	49.6	-3.2	2.6
4222	2017	9	4	6	32.5	242.5	424.38	334.28	-261.45	49.6	-3.7	5.8
4100	2015	9	10	6	27.5	247.5	414.44	349.57	-222.62	49.7	-7	5
3447	2005	7	21	6	27.5	247.5	295.68	51.18	-291.21	49.8	-3.4	-0.4
3583	2007	8	24	12	25	252.5	451.32	377.65	-247.13	49.8	-2.2	5.8
3320	2003	9	5	0	27.5	247.5	296.8	101.42	-278.93	49.9	-7.2	2.2
3511	2006	7	26	0	27.5	247.5	500.51	218.69	-450.21	49.9	-6.2	6.1
4028	2014	9	7	18	30	245	366.67	222.7	-291.29	49.9	-6.5	4.6
3715	2009	10	3	6	27.5	247.5	347.15	330.84	105.17	50	-2.6	6.2
3320	2003	9	4	12	27.5	247.5	354.41	89.3	-342.98	50.1	-7.6	2.3
3381	2004	9	5	6	27.5	247.5	500.59	468.23	-177.05	50.2	-3.8	11.4
4088	2015	7	17	18	27.5	247.5	313.79	215.51	-228.07	50.2	-4.7	5.8
3769	2010	8	16	6	27.5	247.5	330.36	98.96	-315.19	50.3	-4.4	1.4
4035	2014	10	7	6	27.5	247.5	443.93	442.56	34.9	50.3	-0.8	8.9
3381	2004	9	5	0	27.5	247.5	533.58	488.89	-213.76	50.4	-7.4	11.3
3896	2012	9	4	0	27.5	247.5	369.32	270.88	-251.05	50.4	-3.7	4.8
3581	2007	8	20	18	27.5	247.5	283.51	162.79	-232.11	50.5	-3.2	3
3581	2007	8	20	12	27.5	247.5	333.04	141.23	-301.61	50.6	-5	3.6
3957	2013	8	30	12	30	245	309.23	250.41	-181.44	50.6	-4.7	6
4082	2015	6	8	18	27.5	247.5	498.11	340.58	-363.48	50.6	-7.7	5.4
3381	2004	9	5	12	27.5	247.5	369.66	369.16	-19.15	50.7	-0.3	6.6
4220	2017	9	2	18	30	245	382.63	94.6	-370.75	50.7	-6.9	3.3
3519	2006	9	16	6	25	252.5	259.52	209.2	-153.57	50.8	-0.4	2.1
3320	2003	9	4	18	27.5	247.5	326.15	81	-315.93	51	-8	2.1
3896	2012	9	4	6	27.5	247.5	447.65	331.65	-300.67	51	-5.5	5.9
3581	2007	8	20	6	27.5	247.5	380.7	244.06	-292.17	51.1	-5.8	5.1
3896	2012	9	4	12	27.5	247.5	353.15	285.15	-208.34	51.1	-4.7	5.6
3511	2006	7	26	6	27.5	247.5	499.16	323.33	-380.29	51.2	-5.4	9.6
3896	2012	9	4	18	27.5	247.5	334.1	281.32	-180.22	51.2	-3.3	6.3
4015	2014	7	4	6	27.5	247.5	328.9	226.13	-238.83	51.2	-2.8	4.1
3327	2003	9	22	18	27.5	247.5	583.31	107.18	-573.38	51.3	-10.4	3
4100	2015	9	10	12	27.5	247.5	431.12	427.33	-57.05	51.3	-3.2	6.9
4098	2015	9	9	12	27.5	247.5	491.55	377.29	-315.08	51.4	-6.3	6.8
4220	2017	9	1	6	27.5	247.5	613.02	262.64	-553.91	51.4	-10.5	5.9
4117	2015	11	15	6	27.5	247.5	458.57	301.18	345.81	51.5	3.1	3.8
3381	2004	9	4	18	27.5	247.5	524.79	497.91	-165.81	51.6	-4.5	10.7
3581	2007	8	20	0	27.5	247.5	346.9	191.02	-289.57	51.6	-4.9	2.8
3381	2004	9	4	6	27.5	247.5	435.24	433.53	-38.58	51.8	0.9	10.7
3511	2006	7	26	12	27.5	247.5	584.44	229.86	-537.34	51.8	-9.3	6.5
3511	2006	7	26	18	27.5	247.5	345.44	235.48	-252.73	51.8	-3.8	6.6
3511	2006	7	27	0	27.5	247.5	283.19	249.71	-133.58	51.8	-0.3	6.1
3896	2012	9	3	6	27.5	247.5	278.68	181.17	-211.76	51.9	-1.9	3
3957	2013	8	30	6	27.5	247.5	432.63	357.6	-243.49	52	-4.6	7
4028	2014	9	7	12	27.5	247.5	331.18	319.48	-87.27	52	-1.2	7.5
4103	2015	9	21	18	27.5	247.5	457.76	386.81	244.79	52.1	2.4	6.7
3583	2007	8	24	18	27.5	247.5	419.69	264.61	-325.76	52.2	-5.7	6.6
4098	2015	9	8	18	27.5	247.5	447.65	182.43	-408.79	52.2	-6.9	-0.2
3955	2013	8	25	0	27.5	247.5	534.75	389.62	-366.27	52.4	-7.4	4.7
3955	2013	8	25	18	27.5	247.5	572.72	546.34	-171.82	52.5	-3.5	9.5
3957	2013	8	30	0	30	245	274.12	82.8	-261.31	52.7	-6.6	1.2
4100	2015	9	10	18	30	245	376.91	356.49	-122.36	52.7	-5.9	5.6
3894	2012	8	17	6	27.5	247.5	383.53	309.37	-226.68	52.8	-4.8	5.3
3896	2012	9	3	18	27.5	247.5	356.53	199.73	-295.33	53	-5	3.7
3519	2006	9	16	12	25	252.5	601.22	517.33	-306.32	53.1	-3.7	7.7
4220	2017	9	3	6	30	245	395.43	212.79	-333.3	53.3	-8.2	3.7
3381	2004	9	4	12	27.5	247.5	475.25	464.91	-98.58	53.6	-1.4	9.7
3581	2007	8	19	12	27.5	247.5	376.34	159.22	-341	53.7	-2.9	2.2
3955	2013	8	25	12	27.5	247.5	549.27	498.15	-231.4	53.7	-4	8.3
3896	2012	9	3	12	27.5	247.5	335.78	193.87	-274.16	53.8	-5.4	2.6
3710	2009	9	2	18	27.5	247.5	508.21	407.57	-303.6	53.9	-6.4	7.9
3583	2007	8	25	0	27.5	247.5	321.72	233.03	-221.81	54	-2.3	5.9
4098	2015	9	9	6	27.5	247.5	473.19	262.82	-393.49	54.2	-6	4.1
4028	2014	9	7	6	27.5	247.5	358.15	279.33	-224.16	54.3	-5.9	5.3
4220	2017	9	3	18	30	245	484.26	411.28	-255.64	54.4	-6.1	6.2
3581	2007	8	19	18	27.5	247.5	541.78	263.71	-473.26	54.6	-7.7	5.3
4098	2015	9	9	0	27.5	247.5	488.59	229.24	-431.47	54.6	-7.5	3.5
3710	2009	9	2	12	27.5	247.5	585.44	386.56	-439.68	54.7	-7.3	6.3
4028	2014	9	7	0	27.5	247.5	343.56	243.41	-242.45	55.3	-5.1	2.5
3894	2012	8	16	6	27.5	247.5	251.2	164.28	-190.04	55.4	-1.4	3.5
4029	2014	9	18	0	27.5	247.5	374.09	-82.38	364.9	55.4	6.6	-2.4
4220	2017	9	2	12	27.5	247.5	443.07	440.03	-51.77	55.4	-0.5	9.1
4220	2017	9	3	12	30	245	473.25	394.17	-261.91	55.6	-4.8	6.9
3894	2012	8	17	12	30	245	275.07	159.25	-224.29	55.7	-4.1	4.6
4028	2014	9	6	18	27.5	247.5	374.49	304.98	-217.33	55.7	-2.7	5.8
3955	2013	8	25	6	27.5	247.5	580.57	437.29	-381.89	55.8	-8.6	6.1
4220	2017	9	3	0	27.5	247.5	406.82	401.16	67.61	55.8	0.7	8.2
3894	2012	8	16	18	27.5	247.5	344.52	237.52	-249.56	55.9	-4.2	3.5
3957	2013	8	29	18	27.5	247.5	436.17	244.41	-361.26	55.9	-8.6	2.7
3775	2010	9	22	6	27.5	247.5	399.91	323.89	-234.56	57.6	-4.7	6.6
4028	2014	9	6	12	27.5	247.5	511.33	285.18	-424.41	57.7	-8.6	6.6
4220	2017	9	1	12	27.5	247.5	558.64	146.5	-539.09	58.1	-8.8	2.8
4028	2014	9	6	6	27.5	247.5	429.96	168.94	-395.38	58.6	-7.4	2.2
4162	2016	9	7	12	27.5	247.5	455.16	359.37	279.33	58.8	3.6	6.4
4029	2014	9	17	18	27.5	247.5	330.62	140.85	299.12	59	4.4	2.8
4029	2014	9	17	12	27.5	247.5	412.11	276.76	305.35	60.7	4.9	4.7
4220	2017	9	2	0	27.5	247.5	571	341.52	-457.61	61.3	-6.8	6.6
4029	2014	9	17	6	27.5	247.5	372.06	335.1	161.66	63.9	1.6	4.8
